Name	locus_tag	cov_wt	cov_ko	cov_ratio	log2FoldChange	padj
BSU_misc_RNA_59	BSU_misc_RNA_59	115.881237538828	164.618859724434	1.42058251379371	1.37644153668353	4.26172255058953e-08
BSU00090	guaB	1523.74832213291	2114.43688459923	1.38765493873653	1.01496772820379	4.45297869529294e-05
BSU00570	yabM	185.813307164174	255.536014897167	1.37522989497943	0.687225133397129	0.00134577215340062
BSU00630	yabR	2149.06784858712	2848.24384501225	1.32533919154055	0.544149960252975	0.0138340388334083
BSU00640	spoIIE	579.274487947136	767.103984909481	1.32424955849167	0.767872549610834	4.38681599002199e-06
BSU00650	yabS	164.942019868915	259.125857320366	1.57101178660418	0.554007741830696	0.00931569273745145
BSU00660	yabT	138.022255939402	246.270402264728	1.78428037267303	1.32245385642319	4.78368064115745e-09
BSU00860	clpC	234.455486134579	300.011939145977	1.27961151215616	1.11503385927919	1.43754516634326e-13
BSU00900	ispD	393.25890568932	477.080679573669	1.21314653698032	0.93786109926724	0.00139321871727992
BSU00940	cysS	205.310027678538	260.943556428239	1.27097326603457	0.347104931732755	0.0463591627003569
BSU01580	ybaR	619.036409835394	979.146771193435	1.581727271024	2.52941001589217	1.14421391330587e-47
BSU01590	ybaS	206.671327943069	342.441704403306	1.65693861752143	1.26798881344883	2.91438055278709e-08
BSU01820	adaB	179.516092079611	289.322276937741	1.61167878370165	1.36654250530325	0.00542260843917624
BSU01830	ndhF	149.874677463587	249.219574066935	1.66285311357874	3.08579545410219	3.64230433648923e-29
BSU01845	ybcC	51.2248023842589	126.991689473423	2.47910550285396	2.82313408413972	8.38490576784926e-36
BSU01860	ybcF	48.0547909462599	105.063738001539	2.18633222479383	2.32131067268929	9.25049576900085e-17
BSU01870	ybcH	55.1310894799601	113.381913300915	2.05658756919957	1.68627173085413	0.000220237579954936
BSU01880	ybcI	57.0476095841991	123.514355265432	2.1651100925295	1.86794587321117	3.57782490934373e-08
BSU02040	ybdN	73.6706933924218	150.023808633357	2.03641097599319	1.68520495434722	4.99782640701949e-08
BSU02160	ybfA	227.037165255117	354.336951003723	1.56070020785171	1.91679944306915	3.14879249415463e-05
BSU02170	ybfB	147.74176333315	199.362825773023	1.34940061141324	2.40435799494627	2.68160775938218e-12
BSU02210	ybfH	116.747236485353	163.935392275264	1.40419077325082	1.63122754272156	1.48689932788044e-15
BSU02340	gltP	73.9865887603427	140.528383800683	1.89937644315353	1.69904212964191	6.64124878832241e-06
BSU02350	nagP	103.010881616526	226.162113961875	2.19551673000721	2.19363446026951	1.76112977026206e-43
BSU02360	nagBB	190.483296662569	292.059285180436	1.53325404535498	0.756960623939183	0.00174164067806425
BSU02370	ybgA	183.881984536033	280.798778134326	1.52705975434642	1.16881164669873	7.02951937569834e-09
BSU02510	garD	72.729854025376	149.29828601544	2.05277857375252	2.0357181046827	1.30328287173484e-17
BSU02520	ycbJ	164.387671133335	284.615492169791	1.73136762755729	2.69153600571422	5.6895889223054e-43
BSU02540	ycbK	102.427810328699	166.111420542478	1.6217414002058	1.51600805804217	1.49246312586281e-11
BSU02560	ycbM	76.7133401592721	131.61196713694	1.71563338089161	0.814472560674973	0.00530776155768804
BSU02570	ycbN	84.6607879598452	145.267490517284	1.71587690143145	1.31715229059221	9.50161288369482e-13
BSU02580	ycbO	78.0639425715389	147.085906674725	1.88417215207819	1.34709698356679	1.08437566353881e-09
BSU02610	ycbR	70.7860418183149	125.792222340101	1.77707665393934	1.6626960792447	4.01020706549768e-13
BSU02620	phoD	59.3333192959235	126.916957552059	2.13905035245144	1.57057931456808	1.36497977061662e-05
BSU02630	tatAD	59.7806413933425	135.148062934758	2.26073290257151	2.46908913077754	0.000992068363202461
BSU02660	ycbU	103.064841185547	191.468741613105	1.85775031922288	2.41420211023503	4.46796157891881e-29
BSU02670	lmrB	300.226183877223	437.320390809327	1.45663641046102	1.51180519365545	1.79483440199974e-12
BSU02680	lmrA	240.394049334498	393.7661497909	1.63800289932714	3.35212565646456	1.20888936268592e-85
BSU02710	yczC	133.588648840992	278.223406833907	2.08268748316387	1.80619255371396	6.6109261718669e-07
BSU02730	natK	141.596127383201	203.561023100873	1.43761716413314	1.06441677619135	1.22514493651851e-08
BSU02820	rapJ	158.467138441754	228.353633682022	1.44101569528849	0.750793113537381	8.52992045856144e-05
BSU03030	ycgB	210.265607781119	293.26345314531	1.39472858276751	0.686446746320065	0.00223068498594427
BSU03040	amyE	81.7548248104701	219.554685634445	2.685525730664	3.44402841946564	4.31000123848507e-54
BSU03060	lctP	175.901247694777	4286.54431877639	24.3690387359525	1.63183371116827	0.000103008847405588
BSU03160	ycgJ	90.9824973967966	151.571390637843	1.66594009809165	1.15722737788363	0.000328433979160062
BSU03330	nasA	65.1109602478384	162.857838413658	2.50123539560399	1.58449863143076	9.61038438836649e-07
BSU03360	yciC	78.885474603671	151.010395455138	1.9142991306553	1.45669228099601	0.0201797758464356
BSU03590	tcyC	286.89585609435	346.802827117691	1.20881086202807	0.540747430584844	0.00514812452040137
BSU03652	yclD	64.6475544963766	156.895615846773	2.42693814281199	1.31395196635351	0.0152332020463429
BSU03660	yclE	121.243650616947	333.267707200068	2.74874358784348	0.581094657232415	0.0476836274686645
BSU03670	dtpT	238.84539907315	863.145094782161	3.61382341100826	4.1975125272383	3.45355486371857e-131
BSU03680	yclG	76.4236706967934	185.162948695315	2.42284814386813	0.837546857342225	0.0211832521123987
BSU03730	yclH	65.7880404299445	127.795307769846	1.9425309970424	1.07777267411035	0.040380021676261
BSU03750	yclJ	93.0301750716018	229.465937020428	2.46657535411297	1.14412135809802	1.41328079750241e-08
BSU03760	yclK	115.287975153584	229.643534849744	1.99191229218674	1.25023785897863	1.92050345272164e-13
BSU03910	gabD	112.070192669847	185.688775027395	1.65689708033629	1.33273740227427	1.90713818898215e-17
BSU03981	mtlA	453.055647310069	2390.7820716089	5.2770163793426	5.29162351010726	2.06052942218039e-161
BSU03982	mtlF	351.309060142088	2049.20960576446	5.8330679115866	5.82906356723617	1.17079605427462e-68
BSU03990	mtlD	330.134037817899	1825.34560554097	5.52910453464912	6.38177672641593	4.48303141804557e-291
BSU04000	ycsA	105.495608100123	340.641082713675	3.22895984817095	1.71713328046607	2.97166394162601e-18
BSU04030	ycsD	386.917287624418	477.697406889929	1.23462409711099	1.33041636263087	4.73170503798845e-14
BSU04040	ycsE	178.708132189181	226.454826156298	1.26717695150309	0.498997539529081	0.00163709969129413
BSU04160	mtlR	190.329418008586	430.339988222797	2.26102718500082	1.97542558231951	1.8253439832963e-31
BSU04170	ydaB	82.0623285903364	171.25888511118	2.08693669864186	1.96782477301607	8.1031088755739e-20
BSU04210	ydaF	107.425843075296	190.82874753445	1.77637654098461	1.49689030373758	6.34083328224474e-07
BSU04220	ydaG	668.842295629477	1462.88299057383	2.18718672567955	1.20827104815422	3.46992081885703e-07
BSU04250	lrpC	152.368421104676	267.379999486194	1.75482555734108	0.936920468593596	0.000509265519949943
BSU04430	ydbD	93.0417432141583	159.521078867634	1.71451085670716	1.94882098952526	1.24983744754993e-21
BSU04460	dctR	101.064292366634	128.530899729676	1.27177360786736	1.12178911009921	5.96288238884588e-07
BSU04470	dctP	134.807115609023	179.453587527335	1.33118779907582	2.06115575376093	8.65107865729562e-15
BSU04500	ydbK	310.555485967468	384.385260496518	1.2377345687488	0.402735361336639	0.021212356099728
BSU04510	ydbL	603.917318351921	1681.20297807313	2.78382971804998	0.683963879945653	0.00146155333114366
BSU04520	ydbM	172.381078799479	449.669080822706	2.60857562764055	1.48422538007955	1.33035586944326e-05
BSU04780	ydcI	141.073035784526	211.348840414351	1.4981519270427	0.521645571776723	0.000689732861112578
BSU05180	ydeF	94.266099380538	163.726949452302	1.73685927951003	0.954996891402421	1.70665774666077e-06
BSU05220	ydeJ	106.733486899222	171.302985623855	1.60496007954467	1.0475675544855	0.000471065579006512
BSU05230	ydeK	91.3769835936779	174.017087566482	1.90438642996005	0.92689725314495	0.00484316456563935
BSU05390	ydfF	130.775779984414	185.524013267244	1.41864199387192	1.75493442622758	3.54685971039891e-15
BSU05480	ydfN	51.3947886003404	119.943618772414	2.33377005799416	2.19778126671332	0.000195056146036468
BSU05490	ydfO	59.3481536673294	128.448598612501	2.1643234148868	1.85913270020586	1.61170124017158e-05
BSU05500	ydfP	66.5966889048871	125.176157940848	1.87961533822836	1.03544601824348	0.0168886065452297
BSU05610	vmlR	207.735233653914	285.945556187717	1.37649040636073	1.73702644113325	2.78888154193893e-16
BSU05660	ydgI	111.424853378739	193.339571885016	1.73515661921353	0.578411080068934	0.00227583819929179
BSU05690	ydhB	153.958022363935	349.61360093297	2.27083717733482	1.12639838067593	0.00611110576378299
BSU05710	ydhD	77.080127410308	161.734488858837	2.09826442032072	0.932414403157687	0.00256633330955073
BSU05820	gmuA	112.136410491483	244.62246919448	2.18147226331147	0.915424878354803	0.00941146295745061
BSU05830	gmuC	140.241009738471	292.234724312311	2.08380362389922	0.738825160642928	5.79228639396236e-05
BSU05840	gmuD	103.968761275084	243.521459610279	2.34225604521691	0.639120191958448	0.00522887572800591
BSU05850	gmuR	122.685671082231	254.170508670902	2.07172122407467	0.833265463401756	5.73521617382386e-05
BSU05860	gmuE	162.653027822574	326.18140950523	2.00538172496264	0.544657593914612	0.0417182864671888
BSU05900	thiL	2508.37158279185	3637.01223090911	1.44994954330533	0.691720138406753	0.000301164407617357
BSU05950	ydiF	174.834925666547	223.650263285408	1.27920815839716	1.81469177973384	2.30163880867322e-25
BSU05980	tatAY	583.543071858728	841.708386195574	1.44241004098382	1.12789370709505	8.47697125383741e-07
BSU05990	tatCY	739.27448923032	1077.77776287012	1.45788577662436	1.57409812801974	5.48153219706589e-21
BSU06140	gutR	111.552603091481	188.218420476639	1.68726157221348	2.3550541454139	1.12489867732048e-50
BSU06150	gutB	73.0420408476079	145.434818045825	1.99111109654308	1.02937467492336	0.000803540441500556
BSU06230	iolT	83.4605343398833	156.981266803159	1.88090416679902	1.58117294665513	0.000729593175005295
BSU06240	bdhA	400.423094081528	656.213926831919	1.63880139914785	2.01100542147344	1.19199705842749e-18
BSU06250	ydjM	3220.90723523102	3891.89429928325	1.20832238094684	1.30766079854815	4.76234370686771e-18
BSU06330	yeaC	191.851149185816	246.888390268038	1.28687470112006	0.683484709495363	0.00227582590643371
BSU06340	yeaD	207.581297959484	273.392804568689	1.31703967195566	1.41436233892351	9.41832666564481e-21
BSU06350	yebA	244.146691332943	339.768161486808	1.39165581000426	1.306542838612	3.90705231537579e-15
BSU06540	yezC	100.053474914637	187.476587922327	1.87376388558495	0.581282601921612	0.0486186805656164
BSU06590	yerD	150.878648787901	216.200671913389	1.43294411535535	1.34233727430234	0.000711765769678175
BSU06640	yerI	150.137690109337	266.53951140685	1.77530046727603	2.30393230569056	4.3409957164535e-47
BSU06812	yeeF	102.951970778925	203.817231552814	1.97973122817127	2.09795984758231	3.1988923351044e-29
BSU06940	yesL	75.0364187094703	167.663317712802	2.23442590406625	2.30261608106144	1.28749154596149e-05
BSU06950	yesM	52.9312447237294	124.148526891292	2.34546773912603	2.13646342513759	3.51158429699456e-12
BSU06960	yesN	55.2997095519478	141.461503548669	2.55808764087236	2.18852049817276	1.13835631727124e-08
BSU07050	yesW	59.7901719881098	130.063794677756	2.17533735650771	2.76628541914174	1.0531269147298e-05
BSU07100	lplA	57.1214745841284	119.508661289527	2.09218445706465	2.48368947943998	4.17402538118104e-09
BSU07110	lplB	53.3319012067618	126.440774775245	2.37082818939922	1.19720898105597	0.0356287641635115
BSU07270	yfnH	74.9043094912394	152.265922017882	2.03280589664458	1.19399415156786	0.0198777297386895
BSU07280	yfnG	51.4088051653699	116.102964793434	2.25842566112864	1.52021251177375	0.00103610374286051
BSU07290	yfnF	47.6355789820201	104.017797957259	2.18361569608549	1.29562083889807	0.00312133740280311
BSU07300	yfnE	65.2684030225219	111.704643670146	1.71146586245722	1.15881567109503	0.000123804499756165
BSU07310	yfnD	119.263746998567	178.470765661542	1.49643768666506	1.46460901622868	1.13010378577341e-13
BSU07320	yfnC	173.921804628802	286.336991110145	1.64635476110237	1.94032211823398	2.43442893215934e-40
BSU07370	yfmR	282.565162066745	342.470516516733	1.21200545039532	2.86064133227221	3.36993552666729e-80
BSU07440	yfmK	158.0060751085	198.635221147142	1.25713660699908	2.71497923150536	4.37729522528977e-31
BSU07450	yfmJ	213.45352752536	272.343538348484	1.27589148563557	2.21196155088794	4.91540384542245e-36
BSU07550	yflT	82.5090433749231	168.202778581401	2.03859809423657	1.22884154058402	0.00971152723673759
BSU07560	pel	224.174935376583	379.264102845118	1.6918220683682	1.24163449845071	2.72050026282438e-17
BSU07570	yflS	116.268929616014	232.228565115133	1.99733983861453	1.08620604997516	4.57915310072515e-06
BSU07610	citM	73.5752149859393	135.831586937661	1.84615956560398	2.37616038945032	6.56736713935299e-23
BSU07620	yflN	67.6840129618843	131.857409864758	1.94813227074778	2.76825418286163	6.39249675083566e-30
BSU07630	nosA	221.612567207134	279.189203978404	1.25980763409259	2.39474053864967	6.29358863090241e-24
BSU07650	yflK	205.875888589893	266.490377433546	1.29442247588496	2.73473638931096	5.5690635295025e-69
BSU07690	yflG	235.388967848486	326.817381607162	1.38841418352931	0.867910267080084	1.13181116889331e-06
BSU07700	nagP	518.778960301153	897.226827165675	1.72949733089567	3.90243406250081	1.92642351799676e-125
BSU07840	yfkN	66.0481257137105	126.180576505225	1.9104338713889	1.12882970811782	1.48596263110305e-09
BSU07900	yfkH	95.4473987821603	192.814221926597	2.02010976083965	1.38745017982944	5.46559429713277e-11
BSU07910	yfkF	131.262595445348	210.501743932497	1.60366891434918	1.8231936021993	4.92347282686364e-18
BSU07920	yfkE	63.0851265653319	126.342501471906	2.00273041128108	1.01057354874013	0.020215267730427
BSU07990	yfjR	128.986782307455	179.770131633291	1.39370971519227	1.47030157707261	6.00897761975432e-15
BSU08020	yfjO	479.232298967641	656.831188461992	1.37059040026504	1.82313390370508	2.79650023315941e-28
BSU08080	acoC	67.8998467069461	136.953905222985	2.0169987395417	0.996802498856999	0.024336610346259
BSU08090	acoL	65.8486256758267	135.589534411384	2.05910955649845	0.990237914054073	0.00287457826511972
BSU08100	acoR	78.6403012992169	182.515645929044	2.32089199702572	4.80181485298602	7.55383525362205e-144
BSU08110	sspH	95.9662167907313	248.511203957929	2.58956966595698	4.79585929315335	1.36773066330714e-74
BSU08120	yfjF	127.516408219482	279.930883239616	2.19525382770974	3.20607127116555	1.73414970530389e-76
BSU08130	yfjE	78.0068162352539	213.377094233088	2.73536473517369	3.7596092445502	2.29082170251302e-51
BSU08140	yfjD	67.3453236753154	180.353959557225	2.67804726021878	2.42986280327141	2.18857912601102e-16
BSU08150	yfjC	72.517472549306	206.414252521224	2.84640715216432	1.40374976153677	2.16395691682195e-05
BSU08160	yfjB	68.4206902359162	226.068634333897	3.30409754058907	2.15645721517842	1.07671403661704e-05
BSU08170	yfjA	58.3891810376256	203.167434860632	3.47953903874268	2.84381477294439	0.000703296752230849
BSU08180	malA	71.3445591494257	152.533064260159	2.13797752875156	1.18262922305897	3.63612089300626e-05
BSU08200	malP	92.2019158661293	155.521473426157	1.68674882691118	2.33698815315183	1.00303576918198e-18
BSU08210	malQ	153.712641432639	230.93499009906	1.50238124819592	0.854218761749597	3.43541229809226e-05
BSU08220	yfiC	107.201438050296	181.340760192718	1.6915888768921	1.28020113650693	3.61620059871567e-13
BSU08230	catD	98.3535110919809	220.47888248423	2.24169813600286	0.945026927391832	0.00557894501077126
BSU08240	catE	123.565286303861	265.738168573579	2.15058918667577	2.027851544928	1.13723719053488e-30
BSU08260	yfiG	67.3816940414693	140.405343007039	2.08373127159178	1.55133080181038	3.63832203197078e-07
BSU08270	yfiH	59.7467340590098	116.607570049194	1.95169781052843	1.793552160585	7.82409568016939e-05
BSU08280	yfiI	64.3586777840718	140.285604217631	2.17974652444383	2.02338619000766	1.20906806515546e-07
BSU08290	yfiJ	132.976306313853	201.763518642862	1.51728923923226	1.43502168669123	1.63696626189713e-18
BSU08300	yfiK	134.80165558729	172.182947728744	1.27730588306646	1.36709357557315	1.08243712509052e-14
BSU08330	yfiN	106.533855258256	163.446700293531	1.53422308708634	0.876355932507675	0.0394982368172996
BSU08340	padR	280.733431632329	369.006062655935	1.31443576388585	0.629916064460119	0.00342875392489125
BSU08425	mprF	269.312977786003	337.561993271549	1.25341896274964	1.74289837271803	7.44933359412111e-32
BSU08450	yfiZ	375.429683553919	462.734835431803	1.23254728036268	1.69828920168957	2.74723226286152e-20
BSU08510	yfhF	123.779391805908	213.232065149316	1.72267824262438	0.918934977568053	0.00137812188947237
BSU08710	gsaB	255.946834678028	311.703379219278	1.21784424336167	0.553726417487769	0.0165552215329263
BSU08770	ygzA	141.597561757354	186.728287110823	1.31872530002181	1.03914668120362	0.000620102963011302
BSU08780	ygaJ	160.650962403742	230.896748424996	1.43725717524626	1.48397036392262	1.49341297253855e-09
BSU08800	ygaK	61.0804527096181	136.576049394755	2.2360025726078	1.53415402037191	0.0205787538092098
BSU08870	ygaN	87.4798900172031	156.919995669685	1.79378364146121	0.810393832129068	0.0160111841138523
BSU08880	rpsN	185.76444402613	275.779731258934	1.48456682711651	1.69960155884448	0.0326603200870331
BSU08920	yhbB	129.907174593108	173.546949065187	1.33593044116898	2.44585027199918	6.24473321492893e-13
BSU08950	yhbE	124.44195738384	171.282628768521	1.37640577478383	1.66360940620019	6.44289724920546e-16
BSU08960	yhbF	194.58762995141	281.750490552204	1.44793628774121	2.09609071424515	1.15149803164994e-29
BSU09050	yhcE	382.562772710649	1902.25795039146	4.97240736967951	1.81750586396886	3.71809646932186e-13
BSU09060	yhcF	346.148509281146	1458.29945254413	4.21293003853349	2.59646261020111	8.10485508822614e-58
BSU09070	yhcG	320.493288217383	1483.49599330608	4.62878958107809	2.65746553634939	7.83055490723906e-48
BSU09080	yhcH	289.861816845255	1403.06148160257	4.84044948338817	2.9044215668683	2.24571853552465e-84
BSU09090	yhcI	1616.90576270128	3387.60248895916	2.09511436417894	3.78451427254526	6.66423775229877e-63
BSU09240	yhcW	153.560840042918	203.551182713474	1.32554095599232	1.67273184470269	8.03009548707121e-15
BSU09250	yhcX	151.658855188578	207.626775976543	1.3690382649821	1.87053600618345	3.50760746882119e-22
BSU09260	yhxA	241.874720070655	333.597523711179	1.37921616452406	1.85827775079083	5.9150922322768e-34
BSU09270	glpP	396.701161463884	713.432730342303	1.79841351537675	1.93330536042197	4.54374494279838e-28
BSU09290	glpK	393.822317901751	651.333302187821	1.65387605674068	2.20519106269957	1.27413038768088e-48
BSU09320	yhcY	156.979714078034	259.495477992715	1.65305102966184	1.81162064567938	1.9969629339524e-24
BSU09330	yhcZ	140.822348341307	247.827745754589	1.75986090754527	1.96646190297442	1.64119892040352e-16
BSU09340	yhdA	103.727979929674	173.458791543094	1.67224688710506	1.8545379472573	4.49840846434292e-17
BSU09390	ygxB	61.7169576020781	115.460375253065	1.87080471460533	1.14863974615341	0.000290328498196375
BSU09480	yhdI	108.364465217993	182.742534766313	1.68636955295905	1.77680883504615	4.99466850475539e-22
BSU09710	yheI	120.862355360399	184.837894366752	1.5293256019675	1.81973574080759	1.06995733758149e-15
BSU09720	yheH	107.167463241458	163.507511170103	1.525719712164	1.95512893505882	4.67597548025068e-31
BSU09810	yhaZ	177.570920379764	266.856597277465	1.50281699676247	0.895934785296841	0.000119963782978815
BSU09830	yhaX	230.179328712757	414.748633646337	1.80185004433611	2.05443181094202	2.80470620433067e-14
BSU09900	natB	175.407224459938	236.185339380982	1.34649721588249	1.47326756475989	5.17542799878528e-14
BSU09910	yhaO	168.552455633749	217.569498861392	1.29081180124811	0.640330409294285	0.0335172595559176
BSU09920	yhaN	159.97946193659	239.602006148073	1.49770478814988	2.20114289764264	4.93613718487899e-24
BSU09930	yhaM	356.681992047888	431.099507312506	1.2086382742155	1.43555857368664	1.47659312724357e-11
BSU10050	ecsB	405.983665409019	515.498770935741	1.26975249217573	2.77321204118364	3.79083389042022e-85
BSU10060	ecsC	302.924077288958	368.843732378151	1.21761114428125	2.86890709617409	1.70035872031602e-55
BSU10160	yhgE	264.300614111083	362.602379418406	1.37193165682925	2.2521494962837	5.09992593771706e-24
BSU10200	yhfE	154.508519825877	247.128037792182	1.59944602453433	1.62296574295649	4.76220616626819e-12
BSU10260	yhfK	517.234748128311	767.117580313245	1.48311300253738	0.531684953685524	0.0307673412571007
BSU10270	yhfL	279.387127498943	483.506871483192	1.73059824127016	2.54998815228048	5.29566265639867e-28
BSU10290	yhfN	73.2099954625328	133.91571849412	1.82919992889024	1.43593918053209	8.20564467548861e-08
BSU10350	yhfS	110.673718780415	173.524619966655	1.56789364158749	1.54855252594101	1.3713164488701e-12
BSU10440	yhjA	522.960459229387	709.537253225291	1.35677036514546	1.08583849495028	0.00175447455500263
BSU10500	yhjG	88.8528907708824	169.070596496678	1.90281481029859	0.712173873118158	0.0399538355080942
BSU10510	yhjH	101.742477282044	133.449881149437	1.31164371769223	1.92557782754755	2.99323059174979e-23
BSU10570	yhjN	144.122327753433	176.128323426709	1.22207520633467	1.14031780679338	9.69752785195637e-06
BSU10590	yhjP	91.000557697021	147.184158104434	1.61739841852917	2.1258168376408	9.89641366383025e-33
BSU10620	addB	240.62548039156	298.064472860499	1.23870702460716	2.75443824114227	6.06398758911361e-41
BSU10630	addA	225.002147729326	282.663237569707	1.25626906419465	2.36539351984863	8.61396578577983e-33
BSU10640	sbcD	163.312060896797	224.590331106394	1.37522195160051	1.70287249966115	9.54020259076597e-22
BSU10650	sbcC	143.639694184566	182.108857420986	1.26781707838357	1.79133509383537	6.50717536614455e-20
BSU10700	gerPC	77.3653438276618	132.705922454531	1.71531484110179	1.32497857859841	0.0228178031104016
BSU10790	asnO	69.595627159523	130.641598596684	1.877152400642	0.901403435287984	0.0183057102242101
BSU10810	yisP	108.248505606645	185.70778499649	1.71556904139922	1.42907999849119	1.29034970298249e-09
BSU10820	yisQ	133.664974100891	181.254571483454	1.35603640895963	1.4450331271233	1.50310906376104e-06
BSU10840	degA	118.324413446784	167.513836416453	1.41571660096833	0.417173832376068	0.0360284616074988
BSU10850	yisS	72.9117685911443	178.852173177254	2.45299458006807	4.81295763662014	4.25752981199609e-40
BSU10880	yisV	157.11248966845	205.954475286081	1.31087271114283	0.720022125224302	0.00494408638373237
BSU10900	yisY	74.6545843002592	133.787431116749	1.79208594315734	0.963016487983235	0.00121878773217545
BSU10970	yitF	87.832964054646	140.116029525267	1.59525561995258	1.99431533026403	3.20638926644726e-13
BSU10980	yitG	80.9670814215386	134.677107109524	1.66335632636127	1.33979004465732	0.000501148913426942
BSU10990	yitH	152.568247360859	222.136757829094	1.4559828907498	1.19857296559024	5.72773666420258e-12
BSU11000	yitI	120.872915975456	183.820485044605	1.52077480352944	1.03246594782117	2.96874409207259e-06
BSU11080	yitQ	104.836157168306	127.046423815845	1.21185693225938	1.6491588524098	2.2802808451861e-13
BSU11090	yitR	120.097186179861	169.545639196491	1.41173698226847	1.72770921189292	4.01392281519952e-09
BSU11100	nprB	72.0259845032182	127.170816500408	1.7656241338114	1.68369397147241	3.74575152366926e-08
BSU11170	yitY	265.131333507485	356.012809069707	1.34277908370893	0.568155043413832	0.0053635092860472
BSU11480	yjbB	95.3124580009202	201.575257665553	2.11488888119543	1.97923201179973	3.06269595854579e-11
BSU11540	pepF	150.158965697666	192.539128726421	1.28223531529968	0.967210860775197	1.32007221132168e-05
BSU11630	yjbP	149.198798135835	182.20067936378	1.22119401523529	0.609167175355129	0.0240282012584233
BSU11650	tenA	341.202403444917	430.323263395366	1.26119646007956	1.33764847354878	0.00205482420547935
BSU11660	tenI	64.4333197550894	128.611711540059	1.99604353817111	1.54555901749707	3.6848310697427e-05
BSU11670	thiO	79.2437088351372	145.99452241584	1.84234842818343	1.51946023317835	5.98109635338161e-05
BSU11690	thiG	70.2962818093698	146.649905040351	2.08616873134254	1.20411793281325	0.0192223786665273
BSU11700	thiF	88.1515387568514	157.930112278971	1.79157521815461	1.21927366199411	0.000230589019012899
BSU11710	yjbV	174.341047784919	237.00532524883	1.35943501694001	0.889497628178777	0.00279416467046949
BSU11990	yjdB	96.4921637459647	157.829657899951	1.63567332074208	1.41797608452772	0.00071182328803905
BSU12000	manR	70.6547897446109	156.130955742531	2.20977171267345	1.81160471198657	2.94711358025313e-13
BSU12010	manP	75.0531285715005	156.862744524882	2.09002272803917	2.90753388527465	2.6703280419563e-87
BSU12020	manA	79.6905485358097	129.413649386107	1.62395229752941	3.45900262392093	1.74788825484505e-110
BSU12160	yjgC	66.1425602523468	118.051163020148	1.78479881289384	1.31173535764584	0.000751561459268017
BSU12170	yjgD	61.7389538813996	124.150397025815	2.01089246287373	1.4373235931727	0.0112773520425099
BSU12180	yjhA	82.2626633270037	281.408656229916	3.42085515893503	2.29053575036595	7.87932668116001e-06
BSU12190	yjhB	85.5761528260717	224.756452665406	2.62639117608161	4.75211463908424	1.32723180984107e-21
BSU12210	yjiB	84.1347712714808	140.466217342853	1.66953823276711	2.56149320081894	1.06836405109825e-21
BSU12220	yjiC	110.790357605604	149.585516434526	1.35016728592055	2.59266811750899	2.59016371158649e-27
BSU12250	yjkB	162.184622689534	199.902715607521	1.23256269486282	1.3611514279527	1.94364488812563e-10
BSU12300	uxaC	154.048583634402	234.169812454664	1.52010363828084	4.09168108267686	6.13775760110342e-36
BSU12310	exuM	54.6691153183858	111.564004642817	2.04071355450116	2.49180314798876	5.67423371934609e-06
BSU12320	yjmC	56.2281935548631	133.629939525145	2.37656469249291	3.19076972877765	3.33697475635825e-05
BSU12330	yjmD	75.2083137639025	147.769786592792	1.96480653796704	3.25994875506863	1.89038614550935e-05
BSU12340	uxuA	64.175729150309	110.270364920718	1.71825651816824	1.69336679944495	0.00507450746474948
BSU12350	yjmF	70.6612806252049	128.419489184731	1.8173954398857	1.95451499505417	0.00192773584673468
BSU12360	exuT	71.1124410500761	135.465926175391	1.90495395988444	1.13710220531005	0.0240845060448346
BSU12380	uxaB	75.8602269847728	142.756205671083	1.88183203959748	4.75268921006476	1.88573208374238e-40
BSU12390	uxaA	85.1425417515647	146.652431439214	1.72243426637564	4.46788478213231	1.70369248815727e-46
BSU12490	yjqC	223.451581619285	273.452405677237	1.22376580955754	2.6731873746413	6.95106088908376e-27
BSU13040	hmp	76.5857770776428	450.423651816737	5.88129635820104	3.42578769757244	4.21505953767137e-26
BSU13210	thiX	110.302361130536	166.123676802435	1.50607543754968	1.6107844127953	5.97193737534001e-07
BSU13220	thiW	84.6663405302994	141.034583611541	1.66576921511175	1.45645018528013	5.55776340644622e-10
BSU13230	thiV	83.5118417058968	146.591402685477	1.75533672460161	1.01051974009031	0.0299838632792188
BSU13260	ykoH	120.825867620052	161.508162395167	1.33670186340432	1.50252548552319	1.91028624469274e-15
BSU13270	ykoI	97.7287595809906	153.800972796178	1.57375345246983	1.69391093725824	3.08980727799969e-13
BSU13280	ykoJ	105.194213811328	138.477785700401	1.31640116583569	1.84787710205119	3.6838964172587e-24
BSU13390	ykoT	57.2504310830105	110.66628199923	1.93302093810908	2.12570720673087	4.49734401761894e-09
BSU13450	sigI	366.714790831378	500.94804370766	1.36604264739898	1.00280340256019	3.59808843655231e-05
BSU13460	rsgI	354.954875576559	452.717032333389	1.27542136616107	1.26114047969071	1.02846246616262e-08
BSU13520	ykrP	79.9402703118986	153.456507616034	1.91963958862412	2.92916717801202	6.70742098231428e-14
BSU13540	ogt	173.951291481664	210.827325566745	1.21199057374615	0.7013431612905	0.00162403883558269
BSU13830	ykvU	64.0722439229009	120.660699631807	1.88319765696048	1.75354239844301	5.30945958593424e-06
BSU13960	ykwC	308.784746209368	376.564178688853	1.21950382365562	0.790671573617611	2.2938074305267e-06
BSU13980	pbpH	181.197477966803	310.352150018948	1.71278404921181	0.988934325077711	5.74119079436974e-10
BSU14050	ykuE	142.07993490002	170.52786859229	1.20022485027382	0.964325117661967	0.00203258457266606
BSU14150	ykuN	195.979829885425	364.962365444435	1.86224452617293	1.01832324864386	0.0400256416184995
BSU14160	ykuO	150.566412358893	343.177451036098	2.27924306397162	1.38596933884335	0.00334542254863127
BSU14170	ykuP	358.852346950586	498.013638766014	1.38779540665674	1.55355182927562	0.0086159136555541
BSU14220	ykuU	128.420230776456	205.801150929057	1.60256020165	0.532263110796588	0.0436364061906859
BSU14230	ykuV	134.951801824756	252.74197309987	1.8728314085652	0.680109567503453	0.00306443067733369
BSU14240	rok	572.006595027806	765.541089750413	1.33834311772786	0.827528156061059	6.75846177523771e-06
BSU14260	mobA	186.527414859997	236.999516354667	1.27058811452758	1.34485720777783	2.69926892127632e-11
BSU14380	fruR	178.390068452102	305.02755385109	1.70989089526018	0.825164751079072	0.0015472726756554
BSU14390	fruK	129.17103877833	246.814926519816	1.91076056099057	1.52781746997934	8.23905835973297e-08
BSU14400	fruA	137.208108019486	274.004591852791	1.99700000100488	2.87540825208015	1.21883644849266e-33
BSU14440	ykpB	259.222324636672	323.973563284619	1.24979036330572	2.2708820139229	1.04250608549715e-19
BSU14450	ampS	201.005631147864	244.318080580083	1.21547878626523	0.580322071866729	0.0075200046307796
BSU14460	ykpC	101.856865936223	240.799334553289	2.36409526584162	4.28223700535914	2.87609581534983e-96
BSU14470	mreBH	124.235077856587	219.7028332927	1.76844444486378	4.04301480032795	1.31681548689354e-80
BSU14650	yktB	243.679104676984	294.330659948666	1.2078617095168	0.681572720759687	1.9808482208469e-05
BSU14680	ykzC	263.454501109709	331.151168634239	1.25695771846517	0.571917198498526	0.00292999987697606
BSU14730	ylaC	104.272244626592	172.867112049635	1.65784397054736	0.70059427932726	0.00568329011088823
BSU14740	ylaD	118.845492863263	153.231390511148	1.28933278679274	1.11189740729479	8.01954423415701e-05
BSU14900	ctaD	145.327473086537	175.036116506999	1.20442551425064	1.9962388694876	8.27080440108519e-16
BSU14920	ctaF	191.363354654492	249.213297207196	1.30230418283141	1.41578816881138	0.000627574734553394
BSU14930	ctaG	123.627512706034	159.497319290791	1.29014420657358	1.35957770926082	8.82627209923147e-06
BSU14940	ylbA	166.741493022064	210.969480833841	1.26524884124628	0.661880828966021	0.0234498282168746
BSU15300	bpr	79.698498321304	142.222797088912	1.78451037453104	2.17154325363387	4.01883508774393e-24
BSU15320	sigE	66.2650741237923	139.172369182213	2.10023713128608	1.32225568876871	0.0282863239589651
BSU16799	ylzJ	188.404617979773	265.059973362466	1.40686558644185	1.21149740519594	0.0111946587507553
BSU16990	tdh	295.961977646354	447.79605752911	1.51301887185043	2.90275566340359	1.77546652019517e-44
BSU17000	kbl	180.851009438972	409.002275998971	2.26154267685737	4.28166105609551	1.06104111726367e-120
BSU17080	pksA	149.276819208711	188.277818772946	1.26126628213926	2.28691290320298	4.67122177425705e-40
BSU17100	pksC	308.505868359466	470.899571024056	1.5263877265225	0.659155170881677	0.0157608081298409
BSU17180	pksJ	65.9171284964575	114.176659839338	1.73212429672925	0.662931894552269	0.00609228240602352
BSU17190	pksL	66.290497666198	114.436042864845	1.72628124533144	0.548010844040567	0.0116201720805585
BSU17200	pksM	67.4173458398075	120.392584619692	1.78578054534749	0.682543008615738	0.000892315620846157
BSU17220	pksR	85.434636683488	131.812053894659	1.54284092508038	1.32966307682309	1.19654470059663e-11
BSU17570	xynP	67.5846937351585	114.299173424711	1.69119910304855	2.60717208735898	5.00838625129922e-11
BSU17580	xynB	74.3288210239703	113.729807338018	1.53009029029724	2.18022530441156	1.48028380132247e-08
BSU17600	xylA	104.611562338287	367.570475306256	3.51366968516948	3.73597072465068	3.07524141518755e-33
BSU17610	xylB	86.0356103850322	247.244052017728	2.87374089532515	2.90051287825339	4.72735543826691e-13
BSU17630	yncC	157.401536327827	254.552739061128	1.61721889760313	2.34471591156599	1.33019773186678e-16
BSU17640	alrB	64.0202773548925	120.405891612853	1.88074617273821	2.44339198722168	5.72005283992119e-05
BSU17690	yncM	173.998034703898	209.102249512595	1.20175063970369	0.67431140383524	0.00491589212483275
BSU17730	yndB	299.630852209197	369.347861226491	1.23267633657638	1.56864603841967	3.04614472479951e-16
BSU17740	ynzB	92.3975534454593	194.59350831557	2.10604611333606	1.62960814839208	5.27842510400102e-06
BSU17830	yndM	68.0001757191034	107.718283547962	1.58408831166741	3.10055537668155	1.71849390922338e-06
BSU18130	eglS	82.5724382069376	137.713884547974	1.66779481796147	1.34234785755118	2.26925471573777e-06
BSU18150	xynC	105.446277289266	155.649643625241	1.47610373383078	2.58726680430423	1.49587652696883e-22
BSU18160	xynD	96.24424176347	197.172642799422	2.04866950153749	3.48660970408164	2.61769637652602e-57
BSU18210	yngE	109.881844974653	169.779216402276	1.54510707789298	1.58384014168855	0.00032561062816644
BSU18220	yngF	82.397218715723	119.693162375462	1.45263595350728	2.73318701808204	0.00971152723673759
BSU18350	dacC	70.5775710140576	106.138090570453	1.50385014736923	0.770912030875329	0.0439095584328731
BSU18370	yoeA	104.530008111891	162.415453626674	1.5537686886317	1.52655139455155	2.27510013342235e-08
BSU18420	ftsR	161.643477143733	214.506850581509	1.32703684906982	0.802662996472479	0.000568639470743322
BSU18530	yoaA	76.5325059523032	135.668166825308	1.77268684903457	2.35582191969712	6.5901414087918e-11
BSU18630	exlX	234.885382581934	310.09172656008	1.32018315976692	1.1876310881302	2.87187631451828e-08
BSU18640	yoaK	203.528756305077	275.328024470906	1.35277210684767	1.79671393755305	9.19911416695071e-15
BSU18669	yozS	440.199056173592	623.518687252905	1.41644712433691	1.26175720469267	0.0028516657764054
BSU18780	yoaW	83.7875870182208	132.379338648285	1.5799397423809	1.57789412224457	0.000251133807168823
BSU18820	yobB	86.9949685510794	151.534779467667	1.7418798120341	3.18388446704867	0.000177987657872159
BSU18908	yozY	135.50008292932	204.642012896133	1.51027223358143	1.17615921098003	0.00134119081554319
BSU18990	yobK	207.67992026644	270.220026741793	1.30113699193989	1.41353152751821	6.85573843308527e-05
BSU19000	yobL	144.671031634619	205.621063457876	1.42130087229344	0.620061149422378	0.0086159136555541
BSU19200	desR	194.601199564834	242.819834492273	1.24778179700467	0.808605705547263	0.0126579012508935
BSU19210	yocH	3396.16668711842	5219.10145713223	1.53676245542604	1.51241439051576	1.40093919540967e-18
BSU19220	yocI	493.807170806486	971.854325979612	1.96808467643833	2.3332834778649	5.36946509866282e-18
BSU19240	yocK	135.19710991885	166.700350322576	1.23301711421668	0.636579264298978	0.0189387947563819
BSU19420	yojK	86.2453436722635	124.424188081139	1.44267716705909	1.03272217486544	0.0012283259744165
BSU19510	yojB	76.6362466314957	153.361260995751	2.00115829958618	3.02195867196635	9.47399610652037e-07
BSU19520	yojA	95.9266887331258	144.847724554751	1.5099835767054	3.02429882344203	1.4076909702377e-07
BSU19570	yodE	75.1562647600468	120.619436159556	1.60491525948849	1.87919000896587	0.000103101332776052
BSU21500	uvrX	157.202554902158	253.245224120071	1.61094852610818	2.17566314438973	0.000191920081278538
BSU21570	yokJ	213.780879415821	314.815989858814	1.47261060352583	0.801480550986435	0.0236544991496126
BSU21580	yokI	161.73383792198	226.873680296489	1.40275951657026	0.608136136076945	0.0107315500754885
BSU22010	exoA	1033.49448075421	1299.37872097727	1.25726720865411	1.74791822406786	1.58076694051745e-19
BSU22090	kdgT	95.8183509434913	153.404433709313	1.60099221285684	2.64109797661113	1.02617386010246e-42
BSU22100	kdgA	118.192428122057	162.654510533749	1.37618384796847	2.61534040325128	5.87937046975654e-20
BSU22130	kduI	143.470387405681	177.33277918264	1.23602356130265	0.42392192393613	0.0454774615398534
BSU22540	qcrC	202.755180835084	307.854267477524	1.51835462950722	2.81663801605498	7.19537490343652e-41
BSU22550	qcrB	224.308505746317	322.094230162509	1.43594300666772	2.75850114840618	4.45322484384519e-65
BSU22560	qcrA	169.426309474542	252.699831505577	1.49150289756827	2.70718701828098	3.64897351405823e-43
BSU22940	prsW	761.30876457673	940.840433479746	1.23581978463473	0.681791079752895	0.00205707604669603
BSU23250	ribH	509.342201887279	671.398584357727	1.31816798582559	1.96455929044905	3.88082445182025e-15
BSU23260	ribA	299.273318206241	382.100989197131	1.27676263118722	1.86598470470533	1.58868577317246e-21
BSU23300	ypuD	397.783244577583	597.91109793716	1.50310780076244	0.758681025156153	0.00652001274168181
BSU23450	sigF	77.7216031049951	113.678934209424	1.46264268450374	1.49706517698033	0.0119292920723709
BSU23490	pupG	1383.05694003608	1851.81098450827	1.33892606363695	2.70252247178968	1.89058330887471e-36
BSU23500	drm	1328.71978324845	1769.36802508626	1.33163368784991	2.10732140273327	2.87873363441729e-32
BSU23550	mleA	1011.07406486767	1357.15026602601	1.34228570703535	3.31264114161016	3.53268947354647e-135
BSU23560	mleN	1353.46462439372	1722.93986268192	1.27298477671975	2.43192959214445	2.00863261074502e-28
BSU23770	dsdA	206.389407056875	252.5390289923	1.22360460545685	1.13340480355664	1.07680809746895e-06
BSU23790	yqjP	195.474861123754	248.227852920536	1.26987097723724	1.37682985557754	1.57697466530261e-12
BSU23810	yqjN	106.243437474547	151.373297655132	1.42477786161048	0.967104741709315	0.000227726632146625
BSU23820	yqjM	102.023535930365	197.335387586507	1.93421435345268	1.51753427422299	8.27070635899451e-12
BSU23830	yqjL	195.317710398624	327.802966739119	1.6783064171196	0.57046459132508	0.0443245405204952
BSU23840	yqjK	246.997029188628	312.287596109475	1.26433745837075	1.48701672013143	2.30026515601681e-15
BSU23900	yqjF	223.370111742873	271.515820500755	1.21554230502111	1.04903271171037	0.00998531249705884
BSU24010	bmr	113.577183410578	208.264936239291	1.83368639708576	2.59373728994691	6.67900134402675e-28
BSU24110	yqzF	427.91811260493	527.695285703898	1.23316884740302	2.27823798990924	7.40447429743231e-13
BSU24120	prpB	160.756396220872	236.108140145498	1.46873247781131	1.93880374180035	6.10371974512966e-18
BSU24130	prpD	77.0678036993456	134.422794873075	1.74421468396168	0.995488146237676	0.0068587944685617
BSU24150	mmgC	60.696135832634	119.202735597181	1.96392626914299	1.83322089090012	0.0292510164044554
BSU24170	mmgA	77.2338427454328	138.821311540601	1.79741557076428	2.56815648699591	0.0111424023258792
BSU24180	yqiK	114.441580523335	156.166781806209	1.36459826133183	1.77561996742792	2.99453215496615e-15
BSU24220	spo0A	1116.68351767075	1379.82651858187	1.23564689255914	1.09515514270585	1.27338769066713e-12
BSU24390	spoIIIAE	63.2456574614884	125.543764683534	1.98501793992703	1.58404782027354	0.0298589244360073
BSU24430	spoIIIAA	75.6847241397512	129.338650284859	1.70891354569829	2.0353477169636	0.0339212728222182
BSU24560	gcvPA	98.6271485640439	163.585886293762	1.6586293802009	1.32122008182402	1.93632402695497e-12
BSU24570	gcvT	277.057297572261	534.402631467221	1.92885239316911	0.996529875764161	5.83396492102407e-06
BSU24620	tasA	169.853901669092	447.239977156742	2.63308627450932	4.0276658865436	7.38372337084964e-73
BSU24630	sipW	90.8962015784224	294.124887026348	3.23583254216169	4.62759772221201	1.54818286693676e-44
BSU24640	yqxM	117.906938847611	358.453643414553	3.04014035915085	3.5940733266993	9.20990056068133e-31
BSU24810	yqgV	583.446778979882	769.457174356652	1.31881296131585	1.69057172226102	1.20819244672408e-27
BSU24910	yqgM	343.708389346275	497.461459121126	1.44733580715701	0.93409159793142	0.00356903276889766
BSU24950	pstBB	233.933512628928	493.647012553503	2.11020219807728	5.3551312421556	2.51722688966018e-86
BSU24960	pstBA	72.3105926856153	401.020790587482	5.54580975889659	5.4607786089417	1.50173330203642e-59
BSU24970	pstA	91.7719972149772	430.853414459754	4.69482442940055	4.00529671321658	6.27553936181099e-43
BSU24980	pstC	76.0956021239413	497.038479742183	6.53176354308397	4.41013257448844	1.69107708631654e-18
BSU24990	pstS	123.533992039197	625.867038866214	5.06635484318865	2.45904934614264	1.28414469186518e-10
BSU25190	cccA	461.543744192198	698.491163134466	1.51338019835363	2.2856051303483	1.4373124358822e-16
BSU25520	yqxA	473.294352638217	750.764723013694	1.58625328789328	2.34799783430811	1.94685331211591e-05
BSU25530	spoIIP	65.5254699686731	135.585250819978	2.06919921192171	2.49454961655023	1.01975347335726e-12
BSU25540	gpr	211.013795947193	265.107672596482	1.25635232239899	2.07150040511942	1.01014162546713e-06
BSU25740	yqeB	202.456276396649	244.960267002295	1.20994158028656	0.815100865421703	0.0028725764777618
BSU25750	nucB	167.602427793245	206.673583487126	1.23311807715625	1.3794060233257	0.00604139667653674
BSU25780	arsC	118.771743378232	180.03839637552	1.51583525891493	1.39828459267968	5.68524822162812e-09
BSU25790	arsB	103.11890774136	173.696165560264	1.68442596381959	0.844378878760837	0.0371612654917389
BSU25800	yqcK	125.523208269535	213.324420134384	1.69948189721469	1.20734337532963	0.0023849907924356
BSU25860	yqcG	134.738508956787	224.456152348851	1.66586489702686	1.16979803166641	1.37262216793302e-07
BSU25870	yqcF	160.137500530286	279.712575267428	1.74670251715667	1.3332009801807	9.28029651373995e-05
BSU26030	yqbO	57.7226688574846	107.469660981632	1.86182765122956	0.932840450010689	0.00332054996884556
BSU26500	yrkI	82.1799926394433	137.926856006839	1.67835079533263	2.43349376200354	0.00019992231077489
BSU26510	yrkH	69.8947006906889	124.082069995122	1.77527149796711	2.3169342859667	2.79723385452885e-13
BSU26530	yrkF	59.9739712951182	120.958280656153	2.01684627587766	1.65409488391282	0.000504462569228016
BSU26590	blt	77.0366375867962	124.684994152586	1.61851552791495	1.32539945117211	0.000705904421565128
BSU26820	yrpD	164.379142095877	232.718049436317	1.4157395303875	0.505108887994909	0.0226523660382294
BSU26890	csn	121.129696678778	171.657391462019	1.41713713621553	0.85297766554563	0.00649824350278667
BSU27030	sacC	85.8859565383436	141.812606265641	1.65117339296709	1.3243888218911	0.000616365096910712
BSU27080	levR	69.9659215133199	127.153428608802	1.81736230808587	1.22980779557802	7.18624346851795e-08
BSU27090	aapA	606.365378694852	896.812061454456	1.47899615143722	2.72704443189095	4.70776840202563e-60
BSU27140	oatA	82.1081514307318	133.636823585803	1.62757072540528	0.79998757838983	0.000535243949531083
BSU27220	yrhE	224.052906826245	456.440644665096	2.03720028064206	2.06962275985678	4.40498787347221e-12
BSU27230	yrhD	174.553080853345	341.687603787441	1.95749970219385	2.38035067124547	3.76962273772425e-25
BSU27468	yrzQ	58.2675160604971	150.055754775736	2.57529005732694	1.0771109593129	0.0286115075325988
BSU27469	yrzR	84.148722455009	113.496566239822	1.34876160835958	1.46834080579355	3.78605470482553e-05
BSU27520	cymR	688.557746932566	861.80759009888	1.25161265549348	1.20477193048149	5.78254371968272e-07
BSU27750	bofC	166.871931188443	255.27160475787	1.52974561353641	2.22299342769192	1.26209805212998e-13
BSU27760	csbX	128.015304877158	294.389622574568	2.29964395942392	2.80019941940915	1.3071541940063e-37
BSU27770	yrbE	143.758983949781	317.054503566457	2.20545871190362	3.18178941907756	1.7880545898197e-27
BSU27809	yrzT	279.164139894729	371.820216870759	1.33190536940371	0.846817128368856	0.0389870941002597
BSU27810	yrbD	105.740122602802	176.637154586297	1.67048373160876	3.14426238042949	3.33815612770644e-16
BSU27920	obgE	1040.53668085388	1314.48572029632	1.263276676818	1.07815555701913	3.37022322560868e-14
BSU28170	hemA	1089.17220421208	1361.08067323822	1.2496469042954	0.874120763839076	2.1950557515606e-06
BSU28380	gerM	118.415468911517	186.303026719871	1.57329974227507	1.31428288010302	1.64052864580124e-05
BSU28470	lysC	518.497696725757	708.643440305944	1.36672437463258	2.74285494627428	1.88742971602167e-35
BSU28510	xsa	68.8686113063735	150.07793323131	2.17919209324061	5.9211256521068	4.66752556036076e-178
BSU28520	etfA	134.011611053574	211.386289296452	1.57737294279632	2.70151059121186	1.5605752373154e-50
BSU28530	etfB	147.755975291954	219.946480297598	1.4885792595731	2.61157163761373	1.49794999704183e-31
BSU28540	ysiB	151.015899848498	227.313246004242	1.50522723919989	1.87343466943334	6.47262700158758e-19
BSU28550	fadR	141.793217987586	206.141721392501	1.45381933154623	1.54390774723359	2.57348969633375e-16
BSU28560	lcfA	470.487601768058	625.974730834746	1.3304808213487	0.633318468692202	0.0158698602826137
BSU28670	ysfB	83.2994606511909	141.172723416144	1.69476155442701	1.15520362244154	3.33523193339526e-06
BSU28700	ysfE	104.408519327211	237.534321476648	2.27504731421607	4.12963142524096	8.44562190860085e-85
BSU28710	cstA	166.69286773344	280.916389940295	1.68523341016312	4.13841040129311	1.85511974845216e-141
BSU28720	abfA	189.959217201965	416.033577838412	2.19012051095201	4.55004750820722	3.5622658243087e-70
BSU28730	araQ	47.5054225736497	139.973485851888	2.94647386063941	4.29387514205838	7.02632351313294e-35
BSU28740	araP	56.7805014202346	147.543777405203	2.59849373842661	3.44774997927652	4.11989553534718e-17
BSU28750	araN	66.0858577354208	181.281216998136	2.74311665476005	2.97846799860818	2.74625826069238e-19
BSU28760	araM	73.6447479148853	193.757675731693	2.63097751323187	3.53541470055298	1.36305857866358e-31
BSU28770	araL	74.2770886085821	188.898871891962	2.54316472859353	4.04088823030893	9.89641366383025e-33
BSU28780	araD	63.4192379200516	187.836517129939	2.96182236321937	4.37406151226747	5.1567462821208e-42
BSU28790	araB	85.8248794363923	219.096843391925	2.55283601714005	4.21216579406525	1.10143295293377e-69
BSU28800	araA	86.0629112961713	248.148281380398	2.88333589513881	4.19069278335806	2.89809607651339e-89
BSU28810	abnA	84.6680827705197	226.286158876542	2.67262646645557	6.40630562242858	4.00840125049905e-84
BSU28900	ysbB	133.939148472815	300.399703020052	2.24280732291667	6.54632987924045	3.88838235637967e-60
BSU28910	ysbA	119.715173259231	284.742163456216	2.37849685803516	5.46425622985875	1.64622038263573e-63
BSU29020	gapB	292.585871912813	473.702876631058	1.61902170304455	4.66611799274623	6.86584960591078e-57
BSU29100	phoR	224.082372163447	305.349136465069	1.3626646911893	2.67187046685767	2.05881055928494e-36
BSU29230	dnaE	312.229767373505	375.612478183263	1.20300021789382	1.30890807770551	3.20231995970255e-16
BSU29410	ytkL	248.837413930754	333.794570319195	1.34141632902552	1.71696306067447	8.13016518303219e-29
BSU29440	argH	104.123054505445	142.142172169053	1.36513640369261	0.904404157969455	0.000220237579954936
BSU29450	argG	94.0804454432421	122.38362737459	1.30084022028173	0.55366007532614	0.0315617047908656
BSU29540	ppnK	231.187475171824	302.813947556006	1.30981986515899	0.915086047169588	0.000254109833007646
BSU29690	acuA	104.659241383376	154.462823813968	1.47586416423713	1.54978311293342	5.75940813055591e-13
BSU29700	acuB	100.062902368971	142.483025707439	1.42393456849821	1.94706845841067	1.47111491923426e-19
BSU29710	acuC	169.880028100383	215.830966938001	1.27049053000195	1.76629760142658	1.20131544864175e-15
BSU29880	malS	113.147753520058	168.199601648702	1.48654830887902	0.593015487941155	0.0173805273792877
BSU29980	ytjP	177.177222857744	224.290264318108	1.26590913154899	0.754052276772061	0.000170649037577229
BSU30090	yteU	71.280626803901	138.369867264808	1.94119880069903	1.01722397472676	0.035314899305809
BSU30100	yteT	64.0457632097063	135.379271617408	2.11378965340975	1.0904205329408	0.00874789750421986
BSU30120	yteR	66.0123204165028	126.659358364334	1.9187230136008	1.79133762561929	0.0223146266282185
BSU30150	ytdP	63.7857403168561	133.907607593905	2.09933453666475	2.69569626503539	1.32240069066534e-18
BSU30160	ytcQ	62.2477893540488	131.919747742009	2.11926799507184	2.64566622751842	8.7580543737597e-28
BSU30170	ytcP	81.1788656990766	156.776902837422	1.93125269104623	2.69051257687172	2.75170680991635e-15
BSU30260	msmR	84.3449645398272	179.658316657091	2.13004199642834	2.42368020461563	1.29602708651857e-12
BSU30270	msmE	74.8908340199307	146.385107587343	1.95464651319527	1.20756717284506	0.00851920723307989
BSU30290	amyC	60.1469567798323	130.979352502539	2.17765552099316	2.3465808061913	2.72328748929131e-05
BSU30300	melA	107.635260724757	161.693856760588	1.5022387242975	1.23842021065778	3.09248568575092e-08
BSU30370	bceB	81.5836095047861	129.145470238319	1.58298304061605	1.15584422185693	1.93801522581227e-06
BSU30380	bceA	74.6892467850032	122.32580166528	1.63779669672397	0.835441817501834	0.0182475435156912
BSU30390	bceS	128.962040688243	201.973951460908	1.56615039885393	1.86585314942392	4.07007156867953e-23
BSU30400	bceR	140.954579280197	211.740153010264	1.50218711652749	1.3672893536025	6.40683893233507e-07
BSU30480	ytqA	277.762711319802	374.995756977647	1.35005795124852	0.670214847476576	0.00685089881559264
BSU30560	pckA	171.991943166927	452.495990314769	2.63091387877163	4.74990871287148	1.58621090051803e-101
BSU30710	ythA	57.2111055006024	126.868087819216	2.21754302261962	1.50909993070657	0.0186933667605079
BSU30940	glgP	66.0493201274734	126.961483939614	1.92222241946748	0.597095835654305	0.0457227664499505
BSU31040	yuaD	176.612655027937	262.749383212097	1.48771549338033	0.528850928482254	0.0484103262038896
BSU31050	gbsB	90.827323236999	177.683350992414	1.9562764227762	0.673585009503268	0.0122574975706778
BSU31080	yuaB	106.211031922418	293.922830054648	2.7673474660273	2.87943004652185	1.9793572914832e-55
BSU31180	yulE	76.7812770480911	166.63296991947	2.17022920594433	3.71339138154183	1.9390766280358e-32
BSU31190	yulD	82.5719443874227	215.690227964568	2.61214907272332	2.83280643805479	1.16552437405601e-10
BSU31200	yulC	131.128823813042	264.57319957995	2.01765860385637	0.646606470460221	0.007751250243526
BSU31210	yulB	114.127140797448	262.058199903117	2.29619526146034	0.759598437661478	0.00214896828307706
BSU31220	yuxG	110.123070825233	269.210437825625	2.44463249896896	1.60579617490347	3.43775088689122e-12
BSU31310	yugP	153.143425577392	245.291161157682	1.60170872652788	1.93377515014959	2.21816175300829e-26
BSU31330	yugN	137.882149446403	232.395255841591	1.68546296075785	1.78870552577826	1.72051228930152e-15
BSU31400	alaT	613.457905396524	797.220971532639	1.29955285361811	0.546203019334139	0.00159976241953943
BSU31840	yueD	224.527639175726	344.198094460374	1.53298763450226	0.329814797833794	0.0426100164925539
BSU31850	yueC	151.401294575056	308.97945860586	2.04079799629907	0.729211727055473	0.000481219784142475
BSU31860	yueB	154.120270725861	347.839232720569	2.25693369913217	1.48253711256764	9.29853508721185e-15
BSU31875	yukB	187.232074923747	450.091721242115	2.40392422839634	1.2032404065862	1.27351795329432e-14
BSU31910	yukE	309.279928537183	930.935535301157	3.01000953959169	0.498805116615939	0.00625661709339577
BSU32050	yuiE	117.062407232826	196.696249333975	1.68026827726825	0.954941914554699	3.07164402105812e-07
BSU32100	yumB	78.6188252650582	160.118719077268	2.0366460391317	1.64486921388245	1.69295224138332e-06
BSU32110	yumC	629.309216632937	795.643266167369	1.26431211420101	0.715769079479676	0.000608580513381182
BSU32140	paiB	73.090626763152	136.095795156554	1.86201434005441	1.07248022794191	4.64112751539852e-05
BSU32150	paiA	51.2069317403949	129.013967793016	2.5194629595673	1.44969882425801	8.35795678485957e-05
BSU32200	yutJ	278.69191875079	511.763339432028	1.83630491234177	1.59392590203093	1.47431991961304e-14
BSU32210	yuzD	317.754252089394	493.443046611991	1.55290776871546	0.591687307110444	0.0435376328706817
BSU32350	yunB	104.058302918648	164.100897208481	1.57700916318781	0.931422356840725	3.27781158274537e-06
BSU32360	yunC	181.921069926231	248.558365108855	1.36629784119918	1.99479570272832	1.25118510304956e-32
BSU32370	yunD	187.09609578139	244.015900403411	1.30422764507351	1.95185938685752	7.46526824175723e-29
BSU32380	yunE	214.808493190946	262.877156572765	1.2237745010347	1.31774323942942	2.03027670823123e-12
BSU32410	pucH	72.2874467699364	149.411695423876	2.06691067536798	1.69485228840764	5.2310042825477e-08
BSU32460	pucM	60.189296859474	120.395048893088	2.00027339037003	1.95522962513627	4.99487171085454e-08
BSU32470	pucE	65.4195983824885	153.79340293797	2.35087659876459	2.99835824053269	1.08251280858232e-07
BSU32480	pucD	66.1015474355894	142.519511004185	2.15606920765446	2.62420028321666	1.08131696182817e-07
BSU32490	pucC	58.4605909274634	143.605222444342	2.45644493437509	2.80424390120254	1.50365634973472e-05
BSU32500	pucB	63.9905834582081	160.845013853753	2.5135731721965	3.11247703370883	0.000350489356575526
BSU32520	pucG	70.1787641506207	137.028414014079	1.95256236943675	2.43528498992119	2.31405411291619e-12
BSU32530	yurH	70.2256690674452	144.186986776664	2.05319491706353	2.22666016616627	4.14763028763754e-11
BSU32540	bsn	71.9548214621905	146.063078213476	2.0299276024224	1.44055369806177	2.54811499487752e-09
BSU32550	yurJ	81.2179300532528	162.376006214277	1.99926304583004	1.98071073945164	4.9707216383655e-23
BSU32630	yurR	205.385645823195	298.815146033115	1.45489790601213	0.670449712136694	2.93323467724981e-05
BSU32820	fadE	65.2620888016875	162.022349523271	2.48264118569067	4.42275074674127	1.23255761218947e-111
BSU32830	yusK	77.0677461792016	176.812081778308	2.29424228090408	4.77678252539559	3.35855996302247e-114
BSU32840	fadN	167.482717730808	316.498717496046	1.88973956109757	4.68850807276726	3.61242965104012e-98
BSU32890	yusQ	126.327516695407	170.803034246395	1.35206516137117	1.50966363343054	0.01041643658793
BSU32900	yusR	69.1485084832097	145.407493730896	2.10282906920839	1.61472897098867	0.00330375033488644
BSU32910	yusS	85.427985517214	152.702608249254	1.78750098489076	1.44498114009725	0.0447472209554298
BSU32920	yusT	157.132356511513	229.720421434679	1.46195491835475	0.542581058487032	0.0361084793389434
BSU32930	yusU	707.362685973446	849.523309894182	1.2009727495381	1.14311552609007	6.03330334942164e-06
BSU32940	yusV	1304.58071563939	1581.63729314835	1.21237212399937	2.44183484191035	2.69241713242643e-35
BSU32990	mrgA	141.055200533863	235.181478377631	1.6673010104379	0.615969662926959	0.0442861917543826
BSU33000	htrB	217.535874253322	293.290791067711	1.34824102955162	1.86319147023529	2.53241012050998e-35
BSU33020	cssS	438.732472525849	734.442738915043	1.67401043895097	0.882733214675591	1.94685331211591e-05
BSU33150	yvqK	165.691239044565	252.441368604512	1.52356497579582	1.94106718300595	4.06553872458253e-19
BSU33160	yvrA	198.599718982022	244.692237083927	1.2320875293186	1.96880322170171	3.69228463713829e-24
BSU33200	yvrE	199.210479844236	256.542391696458	1.28779566163914	2.66258912626302	1.84098839968893e-48
BSU33290	fhuC	240.625459029351	319.06626506904	1.32598714348892	2.36098973704003	1.29077057633658e-13
BSU33310	fhuB	281.507621974312	342.067850414465	1.21512820155782	2.38564315975571	5.19645383915104e-16
BSU33380	yvgL	109.309106437183	252.916428746189	2.3137727220516	2.14036621309264	7.17414641149901e-32
BSU33390	yvgM	143.4430878584	302.954231174645	2.11201693785138	2.94816824048176	2.96510983435776e-72
BSU33420	nhaK	157.889794774192	205.401514511106	1.30091697696399	1.35429742441307	1.76430719115735e-20
BSU33430	yvgQ	94.3738602303698	144.69250953715	1.53318418027991	1.4807133510377	6.04782290338207e-14
BSU33440	cysJ	102.679368342281	187.662907958551	1.82765935346406	1.38878295246942	2.86087504079793e-08
BSU33450	helD	1143.79225831412	2162.58431111826	1.89071424063123	2.49529830576742	1.59038920518281e-22
BSU33460	yvgT	4661.43806346401	7912.0919452659	1.69735001034987	0.672901392024909	0.00663732572903083
BSU33500	copA	123.426097585526	182.369017014513	1.47755637245311	0.878777165997008	2.06904535429524e-06
BSU33510	copZ	278.366563268124	378.360627118557	1.3592172230618	0.938606268157586	0.000196935060022244
BSU33540	yvaB	86.4179719657299	177.407270974911	2.05289787459099	1.04349596418407	0.000707194063531686
BSU33550	yvaC	70.7233915295067	142.987844192013	2.02178997782306	0.799163584136564	0.00230745419981048
BSU33560	yvaD	149.094964477973	229.788376503372	1.54122157852836	1.32190514460801	4.11015493060861e-11
BSU33570	yvaE	131.006570174186	217.145709831406	1.65751770726224	1.44378917882682	1.53870078681859e-09
BSU33890	yvbK	417.557359553682	531.830135218141	1.27366964813314	1.23923298081108	7.25489379512364e-08
BSU33960	araE	153.212176091533	344.539004053337	2.24877038393803	3.653093482875	2.06728627065778e-46
BSU33980	yvbT	180.697374885974	248.225840088011	1.37371027246328	0.702292707428067	2.28482736064339e-05
BSU34000	cyeB	124.793363758075	193.200104766422	1.54816008598791	1.95992359024736	3.7556266916952e-27
BSU34120	ganB	77.2794098475375	154.764360519372	2.0026597100664	2.62355595934496	3.84786235631136e-19
BSU34130	ganA	69.1682491335688	141.575382912781	2.04682617655088	1.40766053262622	9.12913089951107e-13
BSU34140	ganQ	75.7106597326165	151.266016216194	1.99794872677655	1.27510260068132	1.37497920508102e-05
BSU34150	ganP	84.2015063993977	166.285079762387	1.97484685100095	2.13210332221582	6.20972484123897e-16
BSU34160	cycB	68.7209730408791	144.503490851232	2.10275676343048	2.46406535591823	9.58033640558622e-29
BSU34230	epsN	125.848442688478	192.214144146407	1.52734622725693	1.12884717776978	0.000104430752928669
BSU34240	epsM	98.7542337822383	186.981600991088	1.89340338970579	1.83540143005311	9.27927211540399e-09
BSU34250	epsL	95.4178000265579	157.785000935091	1.65362228945935	1.7415448163375	1.4340701178805e-10
BSU34265	epsK	77.6990199356054	154.681282124507	1.99077520221879	1.98258778843326	5.64571574256331e-09
BSU34280	epsJ	72.1064499118958	144.985818385406	2.01071913209649	2.19666143188576	3.39484693626105e-16
BSU34290	epsI	87.065675732582	173.96083819132	1.99804155572895	2.37241667168185	3.69768544857222e-21
BSU34300	epsH	77.4567652913635	158.427200679954	2.0453629851958	2.51567020742419	3.32414309294012e-13
BSU34310	epsG	74.0001506021962	134.256521552567	1.81427362593209	2.49150471327645	1.10762123377876e-20
BSU34320	epsF	111.423218105671	198.22152291907	1.77899657081419	2.56523014140459	6.71212472709325e-29
BSU34330	epsE	162.598808879446	295.220986659939	1.81564052464137	1.81883168640937	1.70090500951051e-10
BSU34340	epsD	138.785394983515	236.995494340987	1.70764001766279	2.27263343237478	3.4708227673035e-18
BSU34350	epsC	131.945815477731	239.494326538775	1.81509603522967	2.37959376174391	2.29751107051187e-21
BSU34360	epsB	115.98558200988	242.058683077843	2.08697218122528	2.55294765599046	1.91356723722156e-30
BSU34370	epsA	112.037977418614	220.001575988376	1.96363394857059	2.12375763274662	2.49509110951041e-15
BSU34380	slrR	55.5261028058064	128.448518416482	2.31329972617942	3.17543843575067	3.05042180183307e-08
BSU34390	pnbA	86.4028329160614	179.06825015334	2.07248123828649	2.58454459027188	4.52744425279891e-41
BSU34490	yvdS	394.65501475414	599.155938792382	1.51817642344071	1.43206142291868	4.44230480542867e-05
BSU34500	yvdR	73.4173367225477	140.000154512817	1.90690865077132	1.79554969876587	6.07064726561919e-11
BSU34550	pgcM	118.190310615545	184.373331643236	1.55996993901619	2.32215958773923	6.86719621416357e-09
BSU34560	malL	53.9091810468159	108.529019412927	2.01318249146983	2.0617572673356	5.82839041591284e-15
BSU34570	yvdK	61.1404160176748	141.798633420515	2.3192291229998	2.14311871851006	1.39188224687627e-17
BSU34580	yvdJ	52.9626258064882	112.267342741599	2.11974653884788	2.126418319243	4.10440529312587e-09
BSU34590	mdxG	57.089078658283	122.445843602731	2.14482080426718	1.68729525607324	1.50763240717268e-05
BSU34600	mdxF	46.6154077301318	104.969936391437	2.2518292020341	1.93863237170217	4.34156125653435e-09
BSU34610	mdxE	46.5783453255581	113.383923529002	2.43426258997627	1.79394893185993	3.76499396506637e-07
BSU34620	mdxD	53.2955771182329	109.468274441085	2.05398422083387	1.07081185661099	0.0155378583909876
BSU34650	yvdC	81.4469594233751	221.82036130104	2.72349468748097	0.787031375018608	0.000289267816259736
BSU34660	yvdB	66.2382213687429	139.910424746328	2.11223100281419	1.26935688538712	8.27569488412335e-07
BSU34680	yvcT	141.18492674405	216.882170206564	1.53615669326899	0.429806163426196	0.0378455958703385
BSU34690	yvcS	154.45714146948	208.392863435197	1.34919539137253	2.12304802565565	5.92124258258426e-41
BSU34700	yvcR	153.728923484938	202.009111493189	1.31406053534865	1.77504134636176	4.69642819771013e-27
BSU34710	yvcQ	149.108493490185	197.56472956446	1.3249730108598	1.37800287028825	2.1671526292109e-13
BSU34720	yvcP	144.780469720924	205.819024790485	1.42159384609829	0.689610700050135	0.00151536167714148
BSU34750	whiA	362.834759482241	441.944548452147	1.2180325531181	1.64029080757976	1.01109927869573e-18
BSU34760	yvcK	490.408679370194	606.932761107267	1.23760607558316	1.51778857666851	1.64486325145361e-22
BSU34770	yvcJ	465.269111555528	618.384033933774	1.32908894782707	1.60514995491287	9.41746552922445e-21
BSU34780	yvcI	477.388171394499	697.708343768103	1.4615115865356	1.08678046975763	6.03817045902229e-11
BSU34790	trxB	805.470239758868	1084.39420637356	1.34628711632871	0.515922598625652	0.00334542254863127
BSU34820	bmrA	259.468998997113	316.826307563122	1.22105649918759	1.76333059218571	9.9392756061402e-29
BSU34830	yvzA	129.140896388088	327.566112715889	2.53650177346999	1.33680363173369	6.62235028710039e-05
BSU34840	yvcB	107.299892087242	351.466626828199	3.27555433646134	1.10592020654526	0.000146907000118479
BSU34850	yvcA	70.6520309608474	288.408632090023	4.08209966745114	1.64861890798795	0.00125317036843233
BSU34940	yvpB	165.98413934772	232.595602724076	1.40131221957787	1.88119005423063	1.25708543850934e-24
BSU34950	pelC	380.374113897662	498.463080056735	1.31045479133431	3.16248653024768	1.03509351623316e-53
BSU35010	nagA	159.00951071848	278.452962553538	1.7511717462393	1.42896984142871	9.8130171540185e-14
BSU35020	nagBA	149.219354952736	274.610130227915	1.84031173646941	1.14191869065041	2.2264367914034e-10
BSU35030	yvoA	143.260367646413	287.744876533367	2.0085448701595	0.814549982018081	1.62082205583916e-05
BSU35040	yvnB	98.232380867014	178.545099531174	1.81757886712414	2.47386202262755	4.00394058707617e-44
BSU35060	cypX	126.056429054782	228.617232517183	1.81361025559299	1.72331404553591	1.02796535578946e-15
BSU35070	yvmC	81.641569102764	162.321188556515	1.98821740371254	1.33917598694129	8.06798706719797e-08
BSU35090	yvmA	150.618829565662	214.644025608578	1.42508095586418	1.37517807973425	4.87079287828292e-10
BSU35150	yvzB	84.4046007803261	161.020567521756	1.90772263636236	0.68282755574059	0.0232236085571241
BSU35160	uvrA	222.615788466719	285.301214136309	1.28158571366991	1.60754018552253	1.9953500476776e-22
BSU35190	yvkC	59.091360240321	128.001940943118	2.16617015452922	0.999557004599167	0.0146037076282512
BSU35210	yvkA	133.685365313206	179.364468148455	1.34169112474076	0.983181527122903	2.98298675173953e-05
BSU35280	yvjA	171.838712736882	301.49428802414	1.75451900926298	1.95778529925478	1.01364792799963e-21
BSU35580	tuaD	61.4974134827988	122.419665843524	1.99064739328859	0.577047179038397	0.0215041159105707
BSU35590	tuaC	68.4753376772983	150.537955632534	2.19842589666326	1.17954178426804	0.00032286885245354
BSU35600	tuaB	58.024559736156	117.572225367788	2.02624933135903	1.40337610639557	0.00152951749679303
BSU35660	mnaA	224.113119757968	281.682903113832	1.25687823817738	1.17939490587304	8.65107865729562e-15
BSU35790	yvyI	134.070996686038	196.823744507441	1.46805609992111	0.882338366951217	7.81244403619493e-06
BSU35820	gerBC	47.7842603538323	118.567301070387	2.48130451727036	0.589763199257416	0.04418844837507
BSU35830	ywtG	63.3432406495826	136.009547829154	2.14718328955672	1.11266040765027	0.00224135564237775
BSU35850	ywtE	252.836070158687	305.414160897438	1.20795328255874	0.524547071734446	0.00163428929134782
BSU35880	pgsA	50.6513137462693	115.0330149344	2.27107663012734	0.931647745535052	0.0185637215608011
BSU35900	pgsB	114.91989470741	158.614663132485	1.38021935659029	0.958749599326858	0.0360270707660632
BSU35910	rbsR	177.832908117008	558.183650955472	3.13880966614012	3.86962325587741	2.81711118259287e-154
BSU35920	rbsK	152.706036444131	459.789765062471	3.01094688703213	4.42492017062478	2.53322759726694e-137
BSU35930	rbsD	86.9233739109214	391.011098920296	4.49834240581828	4.6114974336744	2.96855267661362e-114
BSU35940	rbsA	79.057406250126	334.31406974712	4.2287507977355	4.86463132660329	4.72391060282301e-79
BSU35950	rbsC	73.6844366903942	316.16206201627	4.29075767172807	4.93362313888747	1.58999167383671e-47
BSU35960	rbsB	66.0442354454481	290.245982867678	4.39472091561145	4.99688519543059	5.15252694322361e-34
BSU35970	ywsB	71.510596162669	233.451023919844	3.2645654832579	4.85196534968341	4.87267413075774e-26
BSU35980	ywsA	99.626916534906	196.610726993092	1.97346996004043	4.59894427079644	2.61405033467656e-17
BSU35990	ywrO	134.438329832534	212.805718061223	1.58292444071798	0.71622355616491	2.15179935371201e-05
BSU36000	alsD	193.452679458359	340.299826341733	1.75908561873904	0.519674834951261	0.0162347224010868
BSU36010	alsS	189.998438162466	352.640164022572	1.85601612009585	0.730707218308763	1.83001430421442e-05
BSU36100	ywrD	112.76226590262	147.88521438826	1.31147785302551	1.49575511505043	3.81654579789587e-05
BSU36140	ywqO	74.4778697515975	138.544551373736	1.86021098395828	1.50910800945842	4.31916905739706e-05
BSU36150	ywqN	67.3825752071954	153.063184274668	2.27155438633819	1.3691942113067	3.02623436740514e-06
BSU36170	ywqL	209.037510909379	465.867435541446	2.22863080178661	0.510504081651276	0.0126297146938634
BSU36190	ywqJ	127.047171986809	372.634079021074	2.93303717976315	1.46718602851598	1.14849818860353e-12
BSU36200	ywqI	90.364762554528	309.750005089003	3.42777423779643	2.20508733235178	1.39228840566165e-14
BSU36210	ywqH	85.542384144638	317.560670329324	3.71231961213966	1.27216094799828	2.50229734381945e-05
BSU36220	ywqG	104.098092654026	163.859025879342	1.57408288376554	0.489750569762998	0.0346272532104817
BSU36230	ywqF	159.722303725267	196.004165501213	1.22715588824935	0.4614134635365	0.00378109490183923
BSU36240	ywqE	130.650960103749	181.433878748116	1.38869150754071	1.07438788683892	5.94009450385576e-08
BSU36250	ptkA	226.046350135022	318.83356300027	1.41047870407916	0.96574732763431	4.27512222639672e-08
BSU36270	ywqB	398.960143299964	562.589773567177	1.41014029349841	0.984576453514532	8.12220435242955e-07
BSU36290	ywpJ	227.126653829377	375.230863163568	1.65207762645704	2.26431693238467	9.83399083078598e-29
BSU36300	glcR	170.590607291994	288.525722502179	1.69133416594455	2.01520959069745	5.79565826401617e-28
BSU36310	ssbB	124.024433172789	217.99909344513	1.75771086283794	0.684990241157061	0.0069922899954472
BSU36450	ywoG	186.471228704394	284.694214693195	1.52674606517722	1.57472774446205	1.22385830849877e-15
BSU36460	ywoF	139.422947887284	227.54089698086	1.63201897843112	0.493641692911414	0.00287457826511972
BSU36510	amtB	129.948037778971	473.054716855655	3.6403375144477	2.60695328627314	5.07791975085582e-12
BSU36520	glnK	147.276526520423	367.734090165931	2.49689545818381	1.82492269951629	3.49168418675068e-14
BSU36700	moaA	193.098289276037	250.243694004085	1.29593946659133	0.633164473579226	5.03471996213396e-05
BSU36950	ywlC	178.646126304572	285.215415019963	1.59653848040176	1.7190873624884	7.27488335610083e-23
BSU37170	acdA	165.326511637684	278.925624572568	1.68711975961749	3.50016415406475	8.45496796772441e-84
BSU37180	fadF	84.4811544399492	182.059961877972	2.15503638752219	4.0925665649592	9.15610249190032e-97
BSU37220	ywjB	152.632018301695	211.841728053396	1.38792456792824	3.14316987852894	2.88752313831578e-25
BSU37230	ywjA	162.886622593232	248.642533133669	1.52647607995772	3.01697915663422	3.3131133578633e-49
BSU37240	ywiE	64.8937263819526	143.668516804451	2.21390456080214	1.23785080844849	0.00418363047172248
BSU37250	narI	85.1164198025972	709.465122870391	8.33523219745132	2.47602955126792	2.24619052682613e-05
BSU37260	narJ	84.5809558468001	685.043868932638	8.09926847094806	2.0300110856771	0.0215804339337256
BSU37270	narH	91.1594536083365	699.159293325248	7.66963014422138	1.53551094388422	0.0135432199105089
BSU37280	narG	88.6103152648967	793.310640712035	8.95280237227988	2.14063750784037	0.00720856367942342
BSU37320	narK	98.701560788283	319.083753302192	3.23281365313598	0.926719755487571	0.0269137608223213
BSU37570	mmr	179.586879924993	306.967328304778	1.70929707355564	2.5795813381557	2.19631670094382e-46
BSU37580	ywgB	155.419965018238	210.8494969189	1.35664357467947	1.52141354263953	2.38089656421444e-07
BSU37690	ywfG	82.126091206705	143.832526609509	1.75136213712514	0.716077333959211	0.0419875378418938
BSU37750	ywfA	54.9499873914534	123.837111751808	2.25363312405544	0.961445093727441	0.0422538881027555
BSU37770	rocB	52.9683103145969	137.054648589071	2.58748387054555	1.10296462692459	0.00826877928107113
BSU37780	rocA	66.1625996066384	168.069864711488	2.54025485260142	3.89405437670103	2.54348865431942e-103
BSU37790	rocG	90.3652456642609	199.830381689605	2.2113632317456	4.38323618561431	1.42324995812257e-108
BSU37800	yweA	242.130679372818	525.103534336158	2.16867823481235	1.36729501384302	1.25736901276002e-09
BSU37920	ywdL	122.673555284111	198.801826069334	1.62057605332225	1.45223539399725	0.0322592234458524
BSU37930	ywdK	317.584270511263	393.580350303842	1.23929421841402	1.26563299491182	2.73943837199703e-12
BSU37940	ywdJ	245.538790742887	319.536836282391	1.3013700821594	1.38679121585035	4.75300954351108e-15
BSU37970	ung	208.466913389919	252.540892372851	1.21141954023416	0.953806543761829	2.81485812407874e-07
BSU37980	ywdF	158.862239461529	241.517066173886	1.52029246844637	0.870425418243446	4.11966927812985e-07
BSU37990	ywdE	146.105613808302	247.215697855762	1.69203421697486	1.8631317097895	4.03489435379739e-16
BSU38020	thiD	183.185180983951	276.857590768486	1.51135364379033	0.508795375052465	0.00260795763031673
BSU38030	ywdA	192.407852774324	317.859260143445	1.65200773024718	0.981770197076331	0.00536510578390742
BSU38040	sacA	86.8848289906358	216.862884549321	2.495981025326	2.31394791076334	3.1730260532788e-21
BSU38050	sacP	113.294208085432	330.922243553122	2.920910513833	2.64154823374258	3.42349772937204e-30
BSU38090	vpr	111.491832354122	176.800575402774	1.58577154639649	2.41805254388433	9.1002715897194e-18
BSU38100	ywcH	149.459756522905	205.265293738056	1.37338169493538	1.4930010506881	1.96216868988959e-05
BSU38190	galT	198.806598514376	265.325013617391	1.33458856798561	3.04844803025363	2.85757429539645e-82
BSU38200	galK	222.829711493544	275.460253127446	1.23619175953305	2.26771344844048	6.42149340126306e-42
BSU38240	ywcA	105.24251742125	212.068413544512	2.01504504776976	4.19202899224405	5.693848752641e-47
BSU38260	efeN	357.609222030881	475.739234277734	1.33033267871557	1.97682784889886	5.20031976238305e-13
BSU38270	efeM	229.560391916306	321.372593138056	1.39994791982766	1.98751997484348	2.83593652967613e-10
BSU38280	efeU	276.250241058949	389.293620660867	1.40920644691056	1.34997160365378	4.26351885378528e-08
BSU38300	thiM	155.623301539205	241.196897634414	1.54987649824182	0.601996820717741	0.000802169831588168
BSU38360	ywbD	227.849288033715	285.062854918251	1.25110268010173	1.35948970812107	6.1293678013069e-18
BSU38450	ywaE	117.096552675835	161.322166558442	1.37768502036981	1.08306136677429	5.21118629318827e-07
BSU38560	licH	95.1448025661683	162.166899864349	1.70442205449499	1.73762709324015	0.000382835370474048
BSU38570	licA	84.8898409872322	137.021138369142	1.61410525424062	1.97700417183372	0.000294406286396849
BSU38580	licC	82.8972791780955	161.334155832351	1.94619361976577	2.3359287097638	1.26953984784238e-10
BSU38590	licB	125.454035070207	176.519807592886	1.40704766884621	3.00565267399482	3.86723701599469e-18
BSU38610	yxzF	105.322223929864	180.42987852164	1.71312256605777	1.6014685073121	0.000118232170960052
BSU38620	yxlJ	89.4416472204849	170.128515031182	1.90211741753586	1.63811765025001	7.77675611686829e-05
BSU38730	cydD	85.8429041536623	586.303951162672	6.8299640714993	2.1248733454572	2.27116487214928e-12
BSU38740	cydC	101.48971458075	719.025027207995	7.08470833895099	2.03543026941789	1.0463530447433e-07
BSU38810	msmX	79.0016513428655	148.098111960488	1.87462045973881	2.26394432917324	2.17284646719124e-21
BSU38820	yxkF	118.31564940151	210.866016454545	1.78223267607619	1.37144000456997	5.49358258982052e-09
BSU38840	yxkD	289.229842022281	381.67784992963	1.31963509457031	0.752622824762348	3.26261146651467e-06
BSU38990	scoA	61.1303404665468	138.158762708881	2.26006859530723	1.70022928285612	0.00480367191310797
BSU39000	yxjC	73.2470019030261	155.421706745679	2.12188489231882	2.08531668206955	0.000135107047970372
BSU39020	yxjA	1440.81752690305	2659.14542860721	1.84558098368145	2.23889597993854	1.64648725573377e-32
BSU39050	katE	57.5792568190662	131.964915456287	2.2918829235842	0.805477206606839	0.0482034023935793
BSU39070	bglS	70.8406109854266	154.265173429399	2.17763753422644	2.3432393974695	9.05403712753091e-14
BSU39250	yxiE	170.685658591128	534.788364520898	3.13317691090829	1.62216598097179	0.000496522992395297
BSU39260	bglH	70.7202769732257	162.030659966946	2.29114854892735	1.77635588921378	0.023124442460822
BSU39270	bglP	116.598815813606	211.813467288414	1.81660050156099	1.35622375361533	0.00247223713142425
BSU39290	yxxD	150.368810684473	319.723172454505	2.12625990056806	1.76769750528149	0.0032579200606809
BSU39300	yxiD	102.017595156751	296.185077581605	2.9032744511034	1.94345563431508	3.57721565662036e-15
BSU39310	yxiC	77.945026256328	309.188562134902	3.96675165799691	2.37470010479493	1.03426283244614e-13
BSU39320	yxiB	83.726307546859	353.190138528907	4.21838904493952	1.88693662108288	1.00653685967458e-09
BSU39630	yxdM	69.8190293305881	135.253171202786	1.9371963847044	0.79256260338893	0.00184205919443453
BSU39650	yxdK	119.345587653495	190.507590283158	1.59626840027193	1.09727882427743	3.65908298899013e-09
BSU39660	yxdJ	108.448959647673	177.149117395174	1.63347917740007	1.02226747332842	4.76917241012854e-07
BSU39670	iolJ	62.8797845618388	132.960132415306	2.11451316733675	1.52140786656073	4.22392865752861e-10
BSU39680	iolI	60.8294313723071	124.908447566793	2.05342125923042	1.8839312318699	1.99110050782149e-10
BSU39690	iolH	44.7238805760911	105.75572119462	2.36463651705474	3.28784528453214	5.33540835113308e-38
BSU39700	iolG	48.80262064791	125.242867058926	2.5663143781253	3.30084137808401	2.73435869596571e-52
BSU39710	iolF	61.3990896974269	140.632058138094	2.29045835746304	3.39579850532153	4.90724204138885e-63
BSU39720	iolE	65.8882000368286	149.897041849342	2.27502104725211	3.06076060636172	4.98877705281615e-47
BSU39730	iolD	61.9062355812607	131.597502059451	2.12575519774112	2.26743407112613	1.24793875068992e-32
BSU39740	iolC	55.1756927588016	131.820024089569	2.38909594965695	2.04145002020658	6.7404434136328e-14
BSU39750	iolB	71.7796897842835	146.536352589203	2.0414737515526	2.04391203971442	9.25049576900085e-17
BSU39760	mmsA	84.3654920657476	169.029600724904	2.0035395584865	1.48157053042012	6.8039079793074e-09
BSU39770	iolR	162.293348806324	262.121679806651	1.6151104264874	0.699487506859927	0.000943275609237525
BSU39780	iolS	183.645347708909	275.109932808822	1.49805010712763	1.42039584804168	2.51995069340715e-15
BSU39810	csbC	87.103035758344	159.936675424909	1.83617797052025	1.60105672779666	4.81301334380143e-11
BSU39820	htpG	173.559099224555	302.103293696215	1.74063644629399	1.67576940089793	3.82600450643093e-32
BSU39840	yxbG	83.3405323223863	155.2500044572	1.86283912678463	1.66558840908002	0.00766458998175692
BSU39850	yxbF	95.6225426768198	161.503984018417	1.68897395423023	1.2707838609302	6.30549553554119e-10
BSU39940	yxaL	108.235697401222	269.287929071804	2.48797703103046	0.514403954283365	0.00899149851823055
BSU39970	yxaH	96.640642048847	159.476432627822	1.65020046687205	2.92670485121686	5.3392232754001e-16
BSU39980	qodI	111.090092246227	202.254330441797	1.82063338279986	2.91732025005865	1.36326818805162e-14
BSU40000	yxnA	111.613421624661	189.789087852185	1.70041456564621	1.64878724796214	1.87439614766499e-09
BSU40022	yxaC	122.372243965529	201.697048529115	1.64822546349588	1.55961955397348	1.49189015611668e-14
BSU40030	yxaB	66.9118046964511	136.437724133862	2.03906806508685	2.6805950044967	9.67303259486369e-42
BSU40040	glxK	100.457115958018	193.040497187111	1.9216209359204	2.65792165164999	1.04473937643745e-31
BSU40060	gntK	152.178831449221	377.892720202605	2.48321475860918	2.16115115310578	6.19900947841925e-25
BSU40070	gntP	184.79379500011	412.929067157248	2.23453967789883	1.47613063972592	9.24077473243698e-20
BSU40080	gntZ	286.746680828328	489.194683923001	1.70601690143321	0.928393973425331	2.08419442793838e-10
BSU40130	yydK	107.033130382282	191.95756295227	1.79344061288939	0.887961377425896	0.000250135396116075
BSU40300	rapG	73.8829311201689	158.214070021645	2.14141571839257	2.11182556785297	6.61641316908076e-24
BSU40310	phrG	141.4544266301	176.358269596541	1.24674973981347	2.07173350992313	4.92388791517235e-12
BSU40340	rocD	82.7663219711476	148.113421502695	1.78953731391287	0.571294557268264	0.033325460633414
BSU40360	htrC	382.576354039974	472.760328033618	1.23572803975287	2.48858173483332	3.04019832098024e-25
BSU40370	yycJ	368.837995992766	473.783202603678	1.28452927233931	2.38699041643168	4.58523568468487e-26
BSU40380	yycI	308.673994785809	397.291420405446	1.28709067532926	2.17548648137206	1.41152620817795e-18
BSU40390	walH	337.864695527168	433.244660416832	1.2823022533942	1.82223166373761	3.63856521199345e-16
BSU40400	walK	394.851276963495	484.877397248774	1.22800007379387	1.22532470991139	9.51291711150643e-05
BSU40430	yycE	124.628232656017	200.881656690959	1.61184711048103	2.36123384479404	5.02842632117433e-06
BSU40550	ppaC	359.71658835488	485.035223965149	1.34838158613535	0.553186852681586	0.00051544887700695
BSU40650	yybG	168.22257082732	225.355503025154	1.33962703052779	0.551797528707756	0.00523711276678137
BSU40660	yybF	118.416031594139	210.193669963602	1.7750440302207	2.46537332287516	8.15767592004354e-29
BSU40680	yybD	95.6371605547296	197.154295784575	2.06148211261198	0.808108032111679	0.00390538136841979
BSU40700	yybB	105.67555401817	187.211933003082	1.77157276100859	0.75698152339719	0.00183305568656226
BSU40770	tetB	110.222715396579	195.699437543717	1.77549098513491	0.933192373966547	7.48636713276895e-05
BSU40820	yyaL	214.830996218511	267.634494227752	1.24579087254026	1.45181467745018	2.50726844770193e-22
BSU40850	maa	88.0831015561973	144.168082673897	1.63672804575254	1.03428961396507	0.0113003821522361
BSU40920	yyaF	910.853599855981	1108.37814442829	1.21685652294017	0.74230794126548	1.58996981660606e-06
BSU41020	trmE	802.919770726835	1029.72320634962	1.28247334776359	0.855805053979718	1.57910950995474e-06
