Name	locus_tag	cov_wt	cov_ko	cov_ratio	log2FoldChange	padj
BSU_misc_RNA_17	BSU_misc_RNA_17	3050.65085386966	2681.03265272686	0.878839559540565	3.35121401418015	8.94911804333342e-16
BSU_misc_RNA_25	BSU_misc_RNA_25	4196.93403902208	3196.83486284488	0.761707196997018	0.799933752250305	7.66895549087653e-05
BSU_misc_RNA_27	BSU_misc_RNA_27	9149.22053800464	10244.9549052675	1.1197625920931	2.33958794591357	1.11072582176887e-20
BSU_misc_RNA_28	BSU_misc_RNA_28	3397.9995292166	3270.33237478007	0.962428730981619	3.90977254187443	1.19717380085175e-19
BSU_misc_RNA_40	BSU_misc_RNA_40	1675.13609085328	1120.18883342926	0.668715120846485	1.0640326632152	0.0110874205287002
BSU_misc_RNA_41	BSU_misc_RNA_41	5004.05189616281	3997.9651283106	0.798945576758767	0.875763380204522	2.70246502934032e-06
BSU_misc_RNA_42	BSU_misc_RNA_42	5085.79060004675	4966.0252791447	0.9764509925161	1.05666058149054	0.0067616551076981
BSU_misc_RNA_44	BSU_misc_RNA_44	1953.10080585993	1782.7794008369	0.912794360377093	2.21795812282488	3.18396636162032e-11
BSU_misc_RNA_5	BSU_misc_RNA_5	5600.04188303362	3912.21021444012	0.698603741927877	2.89910919248769	3.5084323162999e-10
BSU_misc_RNA_6	BSU_misc_RNA_6	594.244888312714	544.465155731286	0.916230272131122	1.88744421789277	3.20399548129942e-12
BSU00060	gyrB	904.776048264365	886.173707721462	0.97943983974975	0.704913388830931	1.92887020426959e-05
BSU00070	gyrA	1198.05784401426	1380.54690822842	1.15232074571851	0.945364525649591	1.67686761638534e-08
BSU00320	yaaT	760.178656249807	822.177964564107	1.081558864886	0.688946504682256	1.69070398480077e-06
BSU00330	yabA	661.49231871521	727.749566954595	1.10016329194581	0.780720440602827	3.46096822732948e-05
BSU00460	ipk	569.416783059237	599.344900455968	1.05255924708777	1.39644354426644	3.08676680466233e-16
BSU00470	purR	1149.80071384775	669.693941790278	0.582443491054359	0.984528229659386	3.83860591647797e-12
BSU00480	yabJ	968.045509523816	586.831458661922	0.606202345745693	0.593578341850571	0.00143930903231941
BSU00510	prs	1195.04167573757	960.385720080883	0.803642031553536	0.625330284193918	0.000781857607310376
BSU00520	ctc	1221.73060521201	981.352266741962	0.80324767387788	0.975424075468689	6.30412243750934e-11
BSU00580	yabN	233.037259144172	262.712946848399	1.12734310304374	0.387636723252016	0.0308101253144373
BSU00610	yabQ	416.10542989377	446.066268366338	1.07200299808685	0.662718843819958	0.00120862512209027
BSU00620	divIC	744.608273949783	788.078329839614	1.05837976478457	0.339058331090025	0.0320369339212247
BSU00670	tilS	743.500141364351	735.469678561677	0.989199110590702	0.768066705295523	2.26217832905872e-07
BSU00690	ftsH	2653.43892831746	2494.98086632108	0.940282001479168	0.517845657202346	0.00184566007564333
BSU00770	sul	309.537031995342	346.902258931525	1.12071326876567	0.463010233000904	0.0108704292554295
BSU00810	dusB	701.592811835026	682.629257975938	0.972970712442893	0.570555924994225	0.000804453800810974
BSU00920	gltX	674.823648071377	735.176926022062	1.08943562977257	0.764551001189393	3.88577145230081e-07
BSU01460	cbiO	819.084408720287	623.812122776286	0.761596871012246	0.815823352703968	0.000220237579954936
BSU01470	ybaF	881.864031205699	573.181825024741	0.64996621331871	1.17803400938398	9.7306150574041e-09
BSU01780	glmS	5772.08477896713	4253.6607740282	0.736936641944015	1.35559305444467	1.27593265195836e-13
BSU02060	ybxG	388.197906281355	267.493874989656	0.689065733383384	0.731196837546232	0.00444519510822913
BSU02290	psd	560.695074548826	570.476698880444	1.01744553283171	0.413524064274554	0.0222056212694469
BSU02330	ybfQ	307.640864004743	352.830574792974	1.14689111907947	0.563155959076385	0.0102439602294846
BSU02380	ybgB	387.001735612678	367.053466970506	0.94845431736736	1.21092499829344	9.48474570585981e-05
BSU02530	rtpA	399.157806679055	364.447778236474	0.913041839939536	1.81943025688869	0.007751250243526
BSU02870	adcB	556.364583092369	351.518508714148	0.631813237931768	0.76458646286025	3.85061957951012e-05
BSU02910	yceE	761.220273061532	638.43331231629	0.838697200941052	0.441991823194199	0.0200695091770751
BSU03130	nadE	351.389979334881	387.450727138715	1.10262315354607	0.64589447544667	0.0021321726894264
BSU03370	yckA	330.495433266467	386.496372240114	1.1694454244652	1.60409885408326	6.06297289067476e-22
BSU03380	yckB	235.633267158711	270.247581613216	1.14689909821261	1.4857879313425	5.7272299302755e-20
BSU03480	srfAA	1186.18599788876	615.197953113103	0.518635318751078	0.537187596845345	0.000472888395828877
BSU03510	srfAC	694.661776258509	417.849700199846	0.601515319369392	0.630360085076248	0.0032579200606809
BSU03520	srfAD	633.745551504498	396.219352594946	0.625202577997321	0.737125898346162	0.000133164073137893
BSU03810	yclO	885.184125180989	1033.57955691851	1.16764357551846	0.853707009405409	0.00873582066077889
BSU03820	yclP	753.942882682233	814.055275068924	1.07973069813039	0.7374102043565	0.0437305710564781
BSU03830	yclQ	649.977784903211	737.551364623359	1.13473318897074	0.803125624024899	0.0411919235858877
BSU03940	ycnI	238.063780599978	257.250460211016	1.08059470265776	0.527871662433724	0.0134313595464698
BSU04150	ycsN	726.236923841499	695.615916162586	0.957836063309835	0.538409023627845	0.00105185668309283
BSU04260	topB	262.87361720329	310.716357733713	1.1819990192984	1.54932122962296	8.02528882299624e-27
BSU04330	mutT	133.967134431005	149.655255727746	1.11710425369157	1.24537657867226	0.0394851151385645
BSU04340	ydaP	197.879408259611	219.119163786875	1.10733686599365	1.24731957991911	2.72474737971181e-05
BSU04360	mntH	854.319055121145	708.893745469127	0.829776347864094	1.30891250182329	1.21474749077984e-12
BSU04480	ydbI	778.123507331013	648.745858648526	0.833731216878081	0.472003711415669	0.00392383312918289
BSU04580	cshA	1896.52791893524	1967.86680067372	1.03761551887859	0.880021291063828	1.03529660240449e-09
BSU04610	ydcA	224.422944734494	264.948474235005	1.18057658742717	0.795874082005215	0.00500158895307101
BSU05120	cspC	5731.16796961669	5274.52471877014	0.920322828912465	0.746405133068589	0.0044443966452468
BSU05620	ydgF	606.670853427783	696.224517941735	1.14761491178942	2.24160223057419	6.57302544163279e-53
BSU05650	ydgH	154.954755227477	178.28078433107	1.15053445161686	0.687457259685331	0.000839528336483588
BSU05800	pbuE	744.647973173177	683.308630577328	0.917626388836509	1.46546105539939	1.22161648366278e-20
BSU06030	groEL	1583.69755534708	1487.60066277876	0.939321183995097	1.72188978727225	6.10079343721519e-09
BSU06070	ydiP	398.347350704534	386.044597944133	0.969115515043236	0.564713916273934	0.00591951146149427
BSU06260	ydjN	829.985544118711	834.964043877376	1.005998296951	0.765650955246572	0.00159848613426116
BSU06360	guaA	2302.59726638151	2252.14856966099	0.978090525226845	0.355359696793151	0.0414705076864219
BSU06560	yerA	694.715519414153	821.216680727889	1.18209059360069	2.63025334536531	1.95640051239918e-18
BSU06570	yerB	1499.84805970147	1200.20837521298	0.800219973916471	0.459883572248195	0.0140220403516116
BSU06580	yerC	894.343199805608	954.018031951612	1.06672475640109	0.50167637657362	0.0140220403516116
BSU06600	pcrB	349.094099569876	395.402235582232	1.13265230225722	0.994952355513517	0.00067005126249187
BSU06610	pcrA	367.705344410988	382.130175231545	1.03922932054105	1.48176129890881	5.34277207575097e-13
BSU06620	ligA	430.516048840185	407.154769559196	0.945736565816943	1.268963760971	2.03713042357636e-10
BSU06630	yerH	389.060847584253	406.965315454553	1.04601971126489	1.25544838978193	5.21812695011643e-14
BSU06680	gatA	1158.42807758983	1050.49198155241	0.906825379904476	0.634999282641196	1.64052864580124e-05
BSU06690	gatB	1029.50042424406	957.562369710772	0.930123336679428	1.33524229150965	3.23749730531743e-17
BSU07240	yetN	191.470742501594	209.153653950037	1.09235307294166	0.640993666654355	0.00178658304411872
BSU07400	yfmO	230.037797083924	234.928123596633	1.02125879561838	0.448886666237704	0.0203109317383909
BSU07420	yfmM	284.810696518975	319.790873444456	1.12281904209714	1.53295015778956	2.36396929129777e-27
BSU07430	yfmL	335.471640544376	327.232724747895	0.975440797966971	0.506617417147791	0.0110874205287002
BSU07680	yflH	246.363952093654	287.083082397779	1.16528039089357	0.740566093377173	0.00133629207819457
BSU07800	treP	545.919045668836	207.483044482537	0.380061926999337	3.37423155740976	6.03458023402503e-27
BSU07810	treA	159.603363218227	156.927259310052	0.983232784985139	2.67422233640576	1.48055750642689e-37
BSU07820	treR	323.386668798703	339.566581592012	1.05003271425323	2.0942997610992	1.48223476523833e-44
BSU07830	yfkO	197.725987240851	235.447996114199	1.19077921622613	2.05439539787685	3.18167523301599e-46
BSU07940	yfkC	341.59289549089	334.326310107575	0.978727352122261	0.92954730368246	5.22932235271773e-10
BSU08460	yfhA	335.908625727322	363.300471217672	1.08154552575433	1.69722139349519	1.62998683684194e-16
BSU08540	yfhI	1243.84882095172	577.729430293018	0.46446917065932	0.72565579901468	3.10029183550421e-06
BSU08620	yfhP	491.729306031856	474.957021957814	0.965891225378877	1.32463341090405	5.46559429713277e-11
BSU08730	perR	1194.66536515924	1410.33915147934	1.18053070977859	0.66598937750668	0.00152240807497106
BSU08910	yhbA	327.71612924986	307.465914302077	0.938208061366599	0.788310897579256	3.81880223170929e-05
BSU09110	yhcJ	832.662303118738	534.865248624073	0.642355546325004	1.17865614797895	4.79915656448789e-05
BSU09420	lytE	686.633008115525	616.07066748253	0.897234272458508	2.65806244885779	4.56985159418403e-44
BSU09470	yhdH	257.628484050338	307.357322820256	1.1930253906249	0.779352685266717	3.57321574568568e-06
BSU09500	yhdK	569.944381645592	640.258928583796	1.12337089232319	0.520031258266566	0.0348439410321806
BSU09640	yhdY	306.143189748146	335.833971959449	1.09698331762901	1.34106376128186	2.32854911517656e-12
BSU09650	yhdZ	585.091760121686	301.167314932231	0.514735184220668	0.604786223882774	0.00654533097827671
BSU09840	hemZ	297.2288130576	318.125864544462	1.07030627775246	0.798758019825948	1.30685571298176e-07
BSU09850	yhaU	176.541398091269	190.194080625551	1.07733417023934	1.69631641228784	8.89463587410945e-19
BSU10040	ecsA	292.812769251165	341.241249323933	1.16539060163468	1.12398890831032	4.10853101946146e-07
BSU10130	hemH	503.34145732972	467.428459354323	0.928650824500093	0.580175408183154	0.000239990158948046
BSU10210	yhfF	537.886153930932	510.943293315815	0.949909733838256	2.03958552191113	4.55037414983608e-09
BSU10220	gltT	2364.52026425714	1666.80215983736	0.704921918003109	0.565204896668174	0.00209907534550516
BSU10330	yhfQ	705.043318790009	770.687468881388	1.09310654869269	0.739705660358275	0.0024747125347579
BSU10340	phoE	269.52796267241	265.806179950259	0.986191478296912	1.38118156106122	8.80301019496314e-09
BSU10660	yisB	173.564249860703	205.244556966886	1.18252783699183	1.39642823525817	4.31958825954993e-10
BSU10770	wprA	647.587293345761	713.984450474058	1.10253004932394	0.558911175192708	0.0394982368172996
BSU10890	yisX	176.514172979986	200.874858350728	1.13800979807726	0.620973164724994	0.00159976241953943
BSU11030	yitL	268.072904770435	283.202407606824	1.05643801580523	0.666286525574497	3.13384047562138e-05
BSU11110	yitS	458.650356464683	384.796633389494	0.838975982392208	1.85519732309091	1.06187948941837e-26
BSU11130	ipi	568.069036498114	381.519752851239	0.671608076375952	1.40640488118178	9.68028536715625e-12
BSU11139	yizC	363.780708626063	300.974956591322	0.827352714023931	1.04942525902248	0.000153439185727601
BSU11140	yitU	197.623564276345	215.820347434334	1.09207800306923	1.11240861812814	6.93121098172098e-12
BSU11160	yitW	298.921278733137	310.143156577918	1.03754124795779	1.07993303359174	1.13548772538253e-05
BSU11180	yitZ	275.385418142935	316.277561891159	1.14849059192742	0.917567949646589	0.000241080939576175
BSU11300	med	955.919144621769	805.17298399694	0.842302394012126	0.767967175301693	0.00227583819929179
BSU11600	yjbM	384.234067497763	438.045064701974	1.14004743919414	1.60798715550213	4.80427038139258e-13
BSU11610	ppnK	340.794520512304	369.429967159586	1.08402554889743	2.00736089640423	3.26652756503457e-19
BSU11620	yjbO	417.423808303004	389.016899739353	0.931947081123292	2.35861179303855	4.97387199938002e-41
BSU11730	cotO	269.085158388354	269.850642515662	1.00284476532222	0.871706557693954	0.0013618473332618
BSU11820	yjcD	294.205482560289	285.546358648246	0.97056776836146	1.86555664726897	1.0589145739042e-29
BSU11920	yjcN	694.859280455026	586.387579686174	0.843894002973063	0.53527450253679	0.0291749326100111
BSU12030	yjdF	342.811876490167	362.301434192927	1.05685204929975	3.15732295626083	2.74944173146947e-66
BSU12040	yjdG	228.175200355398	220.136784874319	0.9647708626154	0.697932385787494	0.0492208277189953
BSU12100	yjeA	369.239975136669	401.174043208813	1.08648594470391	0.741602299764572	0.0171516863785202
BSU12230	hemD	287.187921183429	299.708030619989	1.04359552931393	1.81353371648802	3.43637690675212e-18
BSU12240	yjkA	162.345905922231	177.521647882968	1.0934778236293	1.31000887208386	1.76741099190724e-09
BSU12260	yjlA	230.895012902398	274.297349391839	1.18797433493199	0.925675726475651	2.86613447037875e-06
BSU12440	phrA	249.015594227814	271.095458924035	1.08866860232063	2.20817459224697	7.64503246017851e-11
BSU12570	xtmA	289.544522080729	159.749452139071	0.551726729247292	0.497695214512295	0.048085875436058
BSU12580	xtmB	238.179954042571	176.026653381817	0.739048985416946	0.978876271887999	7.40607421372687e-06
BSU12590	xkdE	233.508952572862	159.456233923343	0.682869894992946	1.16481969395495	3.2408717866262e-06
BSU12820	spoIISB	522.855825707694	504.542789728786	0.964974979567033	0.58906949893064	0.00794922943976571
BSU12870	mhqA	275.768780600328	319.34267783435	1.15800881136423	0.642199867505394	0.0381609658953876
BSU12900	htrA	168.39988299634	185.136869988508	1.09938835285611	1.68760738487854	3.44559036373374e-22
BSU13030	ykhA	320.170996472594	281.44934105429	0.87905945308941	0.590502340526635	0.000578288878525417
BSU13120	proB	1068.2698699946	707.672698071547	0.662447493792111	0.737147522582418	0.00176110782241879
BSU13130	proA	696.296913811985	262.403743409225	0.376856105784895	0.938872163751702	8.0587216828876e-06
BSU13490	ykrL	1085.08124430354	1125.08605626027	1.03686803376867	1.40930526631217	2.48098931280045e-15
BSU13500	ktrD	703.064238936813	577.669852243529	0.821645904102721	1.94355838407322	3.06124388511751e-42
BSU13640	spo0E	774.425616020996	890.799554050431	1.15027129219636	1.16646897815101	0.0138559786199986
BSU13660	kinD	632.089340076775	546.495617654092	0.864586037137904	1.24172797724679	7.30791447967053e-12
BSU13700	clpE	224.625343129275	267.684387086654	1.19169272423815	2.03317668676966	4.12896393242946e-32
BSU13860	ykvY	321.577863692691	335.402232841549	1.04298918150059	0.322463508569356	0.0466484003406444
BSU14030	ykuC	453.464095641363	441.306543760491	0.973189604209619	1.01050380597363	4.6670352666269e-07
BSU14040	ykuD	213.721894349915	248.353084696062	1.16203857097321	1.44087108875519	4.03250197050636e-10
BSU14140	ccpC	328.945455381412	351.337624729265	1.06807259070319	1.42408258136437	3.40319674914283e-16
BSU14190	dapL	269.799918468904	269.308100691548	0.998177101831064	0.604011382916117	0.00610866178501726
BSU14270	moeB	288.680884950593	328.548924758836	1.13810419008195	2.0813272759846	6.61415942983854e-41
BSU14280	moeA	303.181693773236	338.899086201412	1.11780853910952	2.4386237979666	1.60887662380953e-30
BSU14290	mobB	300.193650174605	336.481562528954	1.1208816786539	2.49030587832156	5.49074916248363e-21
BSU14300	moaE	245.686391276817	231.931774239102	0.944015551833241	2.5135529992715	3.84762174074404e-33
BSU14310	moaD	219.874854483496	236.126639606946	1.07391379592554	2.0389842186685	6.19661226531026e-13
BSU14370	yknZ	379.892298457744	297.211450849629	0.782357136631156	0.401627134348788	0.0116604731517416
BSU14430	ykpA	971.569784847122	1079.73070050637	1.111325935971	0.976986487762805	5.53407127206768e-10
BSU14500	ykqA	594.956818309953	649.801602514146	1.09218279800539	1.16663142972471	1.49189015611668e-14
BSU14510	ktrC	997.758106903748	1043.856015166	1.04620148705712	1.3427620513266	2.05416723720431e-19
BSU14550	ykrA	292.674465883045	279.177243336008	0.953883156474502	0.793595972444078	0.000151742888247468
BSU14600	pdhC	5056.59698489198	2983.8751738072	0.590095509434977	0.511588721790228	0.000612134432486811
BSU14610	pdhD	5169.90073910016	3082.79256669945	0.596296277679796	0.818534351906819	1.36539729144245e-08
BSU14620	slp	1204.63311254978	958.232264942593	0.795455690998196	1.74256548372661	5.30148921435274e-07
BSU14629	ykzW	531.285696807835	534.441405369176	1.00593975817588	2.71543326759807	0.000851370422193451
BSU14630	speA	1237.48121390544	1007.81200245835	0.814405900577461	0.327349997532019	0.0445727474518316
BSU14670	suhB	224.108520467317	268.87713820707	1.19976312210888	0.492901997465602	0.0355850467851794
BSU14780	ylaH	2316.67326043987	1488.44675541674	0.642493173652864	1.86467567093015	2.47709930243369e-31
BSU14850	ftsW	946.444937940871	911.348599198759	0.962917717306969	1.54570605794538	1.52864019190599e-25
BSU14860	pycA	1031.23069595419	698.048735492615	0.676908414607185	1.76276104657696	1.05167308043549e-17
BSU14870	ctaA	893.071219664831	1056.7234278243	1.18324653684494	0.698644212733984	0.00366347358967534
BSU14890	ctaC	224.758612552592	258.296265973226	1.14921632163389	0.675019015899362	0.0112533765987204
BSU14910	ctaE	126.933990487168	145.314740629978	1.14480558022532	1.60159465987995	1.37219427505786e-09
BSU14990	ylbF	905.971980492274	1049.679888818	1.15862290602811	0.539887762037737	0.0364851537790866
BSU15000	ylbG	735.396372747945	734.46182719226	0.998729194771259	0.647143769471011	0.0158491720476478
BSU15010	ylbH	934.521759809316	788.086276333611	0.843304361895667	0.497951407280017	0.00770619689928182
BSU15020	coaD	563.448594246872	531.729201486	0.943704903899406	1.07127325888003	3.81112414622555e-09
BSU15050	ylbL	315.816394294854	316.861888244893	1.00331044863068	0.76371701576106	3.55406574832946e-06
BSU15060	ylbM	274.933918935454	316.734981015683	1.15204039662361	1.38080217055952	6.98521828501973e-15
BSU15080	rpmF	9622.35413127475	8162.01301504065	0.848234528025977	0.842634262604564	2.5988333225493e-05
BSU15120	yllA	514.006993867488	536.204979912121	1.04318615565444	1.3265203105818	2.47262482073981e-17
BSU15140	mraW	1930.11123358015	2113.57452909322	1.09505322404283	0.423888720092377	0.00658456599360291
BSU15150	ftsL	1730.3637286364	1839.7754624963	1.06323048272985	0.463173525972584	0.00606489193416075
BSU15190	mraY	1625.62507427656	1464.53109496679	0.900903362122745	1.11516134107048	3.0164847926122e-12
BSU15200	murD	1300.26036448183	1165.70652139281	0.896517769237208	1.74029703017444	2.67478959499107e-25
BSU15210	spoVE	1484.65310253232	1386.95628650976	0.934195526311216	2.45156546277166	3.89368905781179e-47
BSU15220	murG	864.275508702383	756.367198167703	0.875145935007816	1.14604990416923	2.21706190728384e-08
BSU15230	murB	760.687603108716	649.737706168266	0.854145254258083	1.31892415279353	1.35663759722543e-11
BSU15280	ftsA	1837.55118608415	1401.64634365373	0.762779482970844	0.426281261087427	0.0176799865728127
BSU15290	ftsZ	1945.60053627284	1450.49535500197	0.745525778781221	2.23210004362932	2.06839800464911e-58
BSU15390	sepF	930.772188791522	914.180164911129	0.982173915292919	0.951450183374016	1.72019957160931e-08
BSU15400	ylmG	1126.23042457706	959.150054079272	0.851646371069639	0.895126519161776	2.34830498257634e-07
BSU15410	ylmH	718.5850176803	572.978643060347	0.797370706266613	0.632332490970228	2.954020217537e-05
BSU15420	divIVA	1405.41957303731	1181.20070489167	0.840461259792283	0.537102461785607	0.000253889862079533
BSU15430	ileS	1341.2405536473	724.886107580163	0.540459431836403	1.20736597390072	1.92010505858099e-13
BSU15460	rluD	2824.85476550129	2611.80569556111	0.924580522672509	0.600768834151975	3.33349254525907e-05
BSU15470	pyrR	11342.342661414	10842.2225182455	0.955906803550392	1.73952653280375	7.37476466198787e-10
BSU15480	pyrP	4664.23797905141	3913.22156288694	0.838984112830965	4.0147748244636	3.9516789363311e-22
BSU15490	pyrB	1544.53451303402	1444.74363637535	0.935390970019411	3.99162142124595	6.52204967478563e-06
BSU15500	pyrC	1222.63674947827	912.938942334344	0.746696795040651	4.00251984766065	2.15752383965291e-06
BSU15510	pyrAA	984.802219303413	757.489302073984	0.769179117619967	3.73064574399449	1.81520142443061e-05
BSU15520	carB	982.731068163962	638.932570944823	0.65016014212163	3.41057600857506	9.48315569760454e-05
BSU15530	pyrK	884.741974802075	645.30846622152	0.729374760778001	2.9278417525762	0.000467417164737663
BSU15540	pyrD	942.483655906725	620.442069260313	0.658305388503964	2.68124778031564	0.00305434012535311
BSU15550	pyrF	920.459283860745	575.5306314677	0.625264627734225	2.57251830662481	0.00323187962614157
BSU15560	pyrE	877.663201359194	551.732958232935	0.62863859095208	2.33612905316952	0.00961319832718323
BSU15640	yloA	303.332542459158	347.204846384707	1.1446343460872	1.94734873358926	5.0794863962064e-36
BSU15730	fmt	533.990894296551	495.467291693226	0.927857191920709	0.860765670560691	2.42310478315034e-07
BSU15740	rsmB	596.937509785805	514.155399956046	0.861321983502992	0.924564653936948	1.81272264222004e-07
BSU15750	yloN	604.06050864739	502.867159707715	0.832478125136393	0.408881114007772	0.0166197375567935
BSU15770	prkC	709.018354744683	583.360023381999	0.822771398622066	0.692910669735055	0.000142730731255491
BSU15780	yloQ	661.883679731146	574.86139292701	0.868523292734028	1.44199870367821	3.61620059871567e-13
BSU15790	rpe	798.070536385253	682.554744191612	0.855256162297567	1.40049809824603	1.42510141290768e-15
BSU15800	thiN	611.606391910127	531.608678196444	0.869200657854736	0.990631842363948	1.37766300918351e-05
BSU15810	spoVM	3611.38819176474	2478.92366171864	0.68641849895048	0.961570543997541	0.00227583819929179
BSU15840	yloV	675.518297217861	618.648245001217	0.915812713806769	1.09324946277319	1.38001932019172e-07
BSU15900	fabD	3066.84974196239	1652.6282146042	0.538868335149256	0.556187486850499	0.00113151682854915
BSU15910	fabG	2801.60103313997	1631.65397269738	0.582400546472051	0.630588614224369	0.00207097579861637
BSU15940	smc	827.55860981731	453.864533819979	0.548437933501983	0.623091434788737	0.00228312216956485
BSU15950	ftsY	761.643873300617	456.619671102525	0.599518603259741	0.605534971887386	0.00117839224353678
BSU16120	topA	1638.95208984326	1193.33250045432	0.728107006818267	0.444078158929164	0.00765066831534681
BSU16160	hslU	1899.36712115352	848.824625617249	0.446898662277434	0.540536505173571	0.00110714865007423
BSU16170	codY	1503.25499115846	751.283667688696	0.499771277732283	0.560568627888775	0.00240507526154003
BSU16500	tsf	5892.66252751974	4724.28724852279	0.801723707485294	0.42874412383846	0.0360284616074988
BSU16560	rseP	1981.40850560634	1728.28388596132	0.872250159960043	0.849605943858399	1.00698542430283e-09
BSU16570	proS	1722.4761298038	1458.99037380603	0.847030822988657	1.37630766206718	3.057157197818e-12
BSU16580	polC	634.042274899432	471.353392613402	0.743410039477518	1.09112613575484	1.20475060733942e-10
BSU16780	rnjB	1423.46172137178	1243.90897670572	0.873861908634237	2.10067808783327	1.76330152734024e-51
BSU16790	tepA	205.500066995473	232.952522378719	1.13358854712126	1.1711385465351	0.000230417403275016
BSU16800	spoIIIE	560.529998437346	506.813533864025	0.904168439293039	1.73002321797319	1.08879790107299e-25
BSU16845	ymfF	224.999056489726	268.600908734511	1.19378682259841	1.79799619601796	6.11490173768582e-21
BSU16860	ymfH	258.669385772871	295.908265167013	1.14396322658314	2.01488811919332	3.18383659548019e-20
BSU16910	ymfM	1297.49995000268	1250.53482163828	0.963803367881206	0.597760500156657	0.00323985994876362
BSU16920	pgsA	1047.58238734385	951.463634752053	0.90824707082418	0.925353106027722	8.00260454084576e-07
BSU16930	cinA	1002.3848092178	757.732347571116	0.755929599693758	1.72581451539138	1.85273698976921e-35
BSU16940	recA	1960.13059949313	1510.49146728886	0.770607564454867	1.15154768447939	2.05829183784067e-12
BSU16960	ymdA	3969.98803344559	4254.82406644685	1.07174732785128	1.86604019067058	5.05035251365366e-35
BSU16970	ymdB	765.054873456745	787.97101410305	1.0299535908356	0.886059817316607	2.8273378532199e-05
BSU16980	spoVS	383.178521580471	415.669065230499	1.0847921838521	1.03991714827577	1.81963252499955e-05
BSU17040	mutS	492.631145319891	539.988057361416	1.09613056846167	2.19148499370365	2.42559921279434e-52
BSU17050	mutL	585.837281317637	580.458060007144	0.99081789179003	2.35028709351983	3.29194368167107e-64
BSU17280	ymaD	330.765602023309	241.094756309516	0.728899120206962	0.939767348344277	0.000181870515269052
BSU17330	miaA	335.602617537113	380.284296304671	1.13313864801015	1.09593976914322	2.07761066445561e-10
BSU17340	hfq	407.074972629189	419.068969942786	1.02946385339322	1.21675417854412	2.21336712785547e-06
BSU17410	cwlC	159.330565897916	179.329176065544	1.12551646983066	1.02717964672718	0.000726204928091671
BSU17440	ynbB	400.776899391771	369.318333892382	0.921506041023993	0.491445381635578	0.00637248521811833
BSU17660	yncF	455.963787995993	423.754360141425	0.929359680083079	1.21457337122747	7.57945614534678e-07
BSU17710	tatAC	261.571486896098	291.095286568321	1.1128708638031	1.08401071966875	1.8820178249933e-05
BSU17800	yndJ	169.664343693408	201.471106193335	1.1874687504017	0.819238446978023	1.86977582135e-06
BSU17850	lexA	1488.80093773785	1021.53511028717	0.686146202889512	1.22669552908822	1.81902366589987e-16
BSU17950	yneJ	1078.64046326982	1010.16001266031	0.936512255064198	0.91463919323656	0.000112013202076658
BSU17960	yneK	478.786305038848	450.987613956041	0.941939251832712	1.40031122555812	1.74837056887302e-11
BSU18040	yneP	304.500099984023	360.774296934705	1.18480846789093	0.788331313071563	0.0268674485989783
BSU18050	yneQ	477.815342363384	535.58414724138	1.12090194632985	1.23521993110379	8.61989413006767e-08
BSU18060	yneR	783.643010451838	844.958003299932	1.07824352674662	0.921095482040764	3.18407044716499e-05
BSU18080	yneT	320.471724556162	359.24797803407	1.12099742506647	1.53083190017436	2.34904358177159e-17
BSU18090	parE	478.970485098337	419.501017246567	0.875838971915857	1.45170022358986	1.90579001308605e-13
BSU18100	parC	479.731021071209	424.016987097324	0.883864016445134	1.77965765367065	4.446994630317e-21
BSU18190	yngC	552.836830392355	524.205366479226	0.948209919565582	1.44992128960807	2.79243589987027e-06
BSU18200	yngD	187.354371996286	218.708044828899	1.16734956595107	2.73291995914478	2.81037124390799e-18
BSU18440	gltD	890.118293340175	357.981228590132	0.402172645218654	2.53809015906988	7.27750472948188e-21
BSU18450	gltA	1393.51957358474	605.966518743896	0.434846076244976	2.00952236961556	6.45226913649821e-17
BSU18460	gltC	383.539491944667	367.397268629681	0.957912487099725	0.878720284900221	2.11371310664132e-05
BSU18800	penP	562.204551317102	495.285417004163	0.880970130611422	0.455874775239077	0.0112798049786532
BSU18880	yobE	500.825749638707	486.900525626661	0.972195471135237	0.775226935193867	0.000909047395132451
BSU19040	csaA	2855.72115186456	2481.46566077396	0.868945365745447	1.58563309147133	7.21963264935809e-09
BSU19310	dhaS	433.534756296157	518.619144288656	1.19625736289151	2.54915982035953	1.67073461395003e-33
BSU19330	sodF	273.293131890496	231.162987928324	0.845842653744212	1.60892109958579	0.00205387613623096
BSU19360	odhB	820.262343245957	396.786518824712	0.483731238050672	1.23336442861262	7.67920240835508e-08
BSU19370	sucA	1040.17680886211	544.228853435113	0.52320802463426	0.956747996444944	5.54108102191584e-05
BSU19380	yojO	447.34750808301	398.894501966283	0.891688217233265	0.739836339200646	9.6263444247588e-06
BSU19460	yojG	622.895473623658	569.083590810005	0.913610091753267	0.921397060151276	1.48949686990814e-06
BSU19470	yojF	606.689832092803	611.589600161383	1.00807623238332	0.574820108459433	0.0325328069611438
BSU19530	yodA	161.659798287174	144.498193923097	0.893841236065438	1.31393273099954	8.02077137009661e-05
BSU19540	yodB	342.711223950545	346.982458450684	1.01246307153557	0.985746407977357	2.05204913336448e-05
BSU19560	yodD	233.381969904174	207.1533330102	0.887614981976785	2.11680219662855	6.6226460336732e-08
BSU19590	ctpA	425.689166375861	423.472004102123	0.994791593376421	0.406032405469169	0.0273233023295509
BSU20490	yoqW	130.382402057725	136.782469719096	1.04908689792766	1.23529947886118	1.42947389403056e-07
BSU21680	yppQ	370.603083448921	390.507452787808	1.05370805108703	1.07322652236301	0.000121522711325774
BSU21790	yplQ	282.330299813691	258.743350808958	0.916456189717158	1.37836443753089	1.58352272841653e-14
BSU21800	ypkP	793.103246921119	526.026520792093	0.663250998951478	0.974131193142314	4.31641657995497e-09
BSU21830	ypjQ	1206.55021696501	1194.18680675318	0.989753091054155	1.04820283198447	1.05582010248371e-07
BSU21840	ypjP	1280.57653861108	1266.5179966257	0.98902170892446	0.52658800275944	0.022975238448951
BSU21850	ypiP	462.318798015335	371.074068716998	0.802636774256126	0.996191393295442	1.3080984873348e-09
BSU21860	yphP	858.586064609074	684.655722165016	0.797422355645557	0.751557189829075	2.66087937646637e-05
BSU21880	ypgR	363.9723602759	335.585325919114	0.92200771966512	1.90278164310815	4.37879621964696e-36
BSU21890	ypgQ	182.425410889628	170.093631937481	0.932400980258128	1.08575682429403	1.32343207096056e-05
BSU21920	ugtP	3207.57063707131	2592.6810136421	0.808300519925373	0.662095349335439	5.12217076335555e-06
BSU21980	ypdP	397.057083724202	472.580454530923	1.19020784139738	0.778828152315264	0.000695297573203259
BSU21990	ypdQ	507.181787077546	539.066605014709	1.0628666461406	2.36975422346024	5.95640327557037e-31
BSU22000	sspL	956.068138897573	1060.45959377782	1.1091883001149	2.42507649373403	2.27626484100106e-22
BSU22080	ypwA	291.69476213327	330.511141512353	1.13307191083996	0.418835752524698	0.0394472901105765
BSU22110	kdgK	158.708482539743	163.913839504632	1.03279822780478	1.74874089464803	1.96265604880197e-14
BSU22140	kduD	356.489401033923	335.39454677266	0.940826139009795	1.18156353271929	1.74147441085615e-08
BSU22169	ypzG	890.02161231176	424.230821089807	0.476652269137489	2.44298028985623	3.03975232947026e-06
BSU22190	ypsA	1287.71799200426	1075.26494397057	0.835015858011723	0.53850021722304	0.0264918411967761
BSU22200	cotD	2038.39057143669	1760.0818130008	0.863466421825267	1.40950999322925	1.68037574194279e-14
BSU22210	yprB	381.787740361991	396.588397944687	1.03876671778057	1.85665059259176	2.71388433975305e-27
BSU22220	yprA	306.825034871146	303.547721249086	0.989318623809702	1.68528716041172	2.32758510804849e-25
BSU22230	ypqE	328.255871084276	349.395746212112	1.06440060023301	1.00514883504289	4.88959265265708e-05
BSU22320	ponA	1010.96605865175	822.724220220002	0.813800041237001	0.431657950622736	0.0228178031104016
BSU22400	dinG	836.692737617064	830.509483498025	0.992609886711041	0.682934102078598	5.78327485287536e-06
BSU22410	panD	800.922530599766	715.84161145923	0.893771350049519	1.40243353078259	1.0527481370237e-14
BSU22420	panC	865.933171986518	697.360145390334	0.805327902834044	1.23716097028609	7.40268797651334e-15
BSU22430	panB	884.461418389798	738.907449739538	0.835432088247278	0.722996971887022	0.000102943979478572
BSU22440	birA	607.784610076591	554.288848548945	0.91198236901572	1.39608964509869	5.53586315370962e-15
BSU22450	cca	583.155173835376	484.796853287802	0.831334222929589	1.26439995173583	2.25404863498339e-18
BSU22460	ypjH	513.144220615891	430.525189437528	0.838994520723236	0.768700532155896	1.6655623812405e-06
BSU22520	ypjB	807.787805720695	508.588821807997	0.629606956438569	0.905345814352401	7.16624072142168e-08
BSU22600	aroE	853.586225736885	539.341492013467	0.631853555916819	0.653298380057766	0.000108057179020336
BSU22690	aroH	1320.69764604482	662.201568743007	0.50140285380696	1.42115794121497	1.19941098321848e-17
BSU22700	aroB	799.297712148057	604.494881458446	0.756282511848943	1.44246789266304	1.14287076027825e-17
BSU22710	aroF	800.646004342464	545.398803064179	0.681198432398462	1.4708403061502	1.24782496884933e-23
BSU22720	cheR	503.284896696949	493.798401208342	0.981150844082811	0.754495217296386	0.0036926465938508
BSU22740	hepT	2410.43016486242	2099.61753455517	0.871055119190732	0.98318814624819	4.39019274669082e-10
BSU22750	ubiE	2075.40011021034	1895.50222760705	0.913318939457386	0.998399499904832	3.02022553379391e-09
BSU22760	hepS	2439.60413452389	2105.8991223416	0.863213458503416	0.885866967278056	7.20896068764813e-05
BSU22830	gpsA	997.224988400285	766.415240313659	0.768547969844916	0.691606154131538	5.47635069679322e-06
BSU22840	engA	914.191142630098	771.614210814154	0.844040348711152	0.384372444104332	0.0281386681289205
BSU22960	gudB	1523.90863651241	1657.85097011277	1.0878939395651	0.996454390618017	6.59587468619003e-05
BSU22970	ypbH	836.33750077666	812.903122854369	0.971979759486417	0.477069412441759	0.00606669434605476
BSU23000	ypbE	394.794957072518	339.435203214734	0.859775934656594	1.69356885413146	5.85355600949803e-17
BSU23010	ypbD	457.785912250218	456.937253823754	0.998146167446935	1.96158803677805	1.49930368916965e-16
BSU23020	recQ	375.992427736008	368.875837921696	0.981072518249467	2.40309740806313	9.15615703728475e-52
BSU23030	ypbB	379.622925104568	411.97534778141	1.08522252092107	1.88141874211545	3.77449019648222e-30
BSU23090	rsiX	3427.9230454714	2709.66387832427	0.790468117977148	1.3344529166594	1.27228609936757e-09
BSU23110	resE	727.170706193775	646.502171159352	0.889065202507035	1.63111174591819	2.74049589561716e-31
BSU23120	resD	671.967231152848	577.502213710461	0.859420202261471	1.29677901133791	1.83079116022173e-13
BSU23130	resC	775.69563862553	685.235333149564	0.883381701570149	1.29390462833093	1.63901612293868e-10
BSU23140	resB	999.246304566225	810.341410413583	0.810952621701567	0.592357891618513	0.000139831220492034
BSU23200	ypuI	1134.81026707608	1035.81105058576	0.912761437429185	1.64063378905659	1.4399340534062e-19
BSU23210	spcB	1112.62325786982	1015.12161425736	0.912367782245418	0.488965659319061	0.0360270707660632
BSU23240	ypzK	2162.29979779985	2285.05692630344	1.05677155805522	1.08694097792554	9.86081722167792e-08
BSU23270	ribE	382.859995063594	418.358195228157	1.09271848880076	0.575404763618522	0.00850855111858064
BSU23570	aspA	1644.28323489222	1579.88971637355	0.9608379401114	1.84613012936215	4.89379538610451e-30
BSU23580	ansA	1531.91386282645	1444.25615202698	0.9427789558365	1.0232049128466	1.39993889395603e-12
BSU23600	yqxK	757.314936401918	738.583570591602	0.975266081639284	0.649393241718727	0.00601546901705087
BSU23620	yqkF	219.218147366462	240.936577175833	1.09907222586397	1.13577665353012	4.43461820115316e-12
BSU23650	yqkC	553.604733985331	465.767880301509	0.84133651991829	1.07716471912248	9.70867903405614e-05
BSU23660	yqkB	476.561581769598	417.471801026613	0.8760080900278	1.2905519316917	6.0640139408915e-07
BSU23670	yqkA	162.932857419232	171.191165118733	1.05068534260252	1.09168250629595	9.10087208722391e-08
BSU23750	yqjT	468.350666129928	387.432024678621	0.827226376936851	2.10366970270641	1.01443830806174e-35
BSU23760	coaA	393.020038146319	370.34928087766	0.942316535880497	1.99632011426653	3.20729689347296e-31
BSU23780	yqjQ	211.149696034626	241.760904752673	1.14497396535692	1.47149357363574	6.8486770391142e-11
BSU23850	zwf	1542.44986660356	1748.2587062853	1.13342984050102	1.48002840369447	2.47777679303636e-18
BSU23860	yqjI	2068.6111626332	1953.80101392737	0.944498922378585	1.21957801694135	1.57692036091885e-10
BSU23870	yqjH	312.802459080136	371.46859292684	1.18755010436691	1.00162114430277	0.000514965331326302
BSU23890	yqjG	1570.10524622772	1655.23420250262	1.05421863055322	1.70334534222068	7.01924662224845e-28
BSU23910	yqjE	375.688237568704	357.532365305467	0.951673035118868	1.26175320854401	1.58827608865756e-16
BSU23920	yqjD	388.353115241821	404.680549043246	1.04204275222888	0.390365988202231	0.0226776492838141
BSU24020	bmrR	159.690577164441	165.039302402167	1.03349430713259	0.647299835980587	0.0199448503001974
BSU24030	bkdB	493.988910706994	443.652380317255	0.898101902089872	1.66007573563429	3.37156245697269e-13
BSU24040	bkdAB	552.434459530564	512.348569566157	0.927437745287522	1.80658506216401	1.77642455144259e-18
BSU24050	bkdAA	549.266317999975	475.903898542581	0.866435612282715	1.80621741577575	6.48589247274585e-16
BSU24060	lpdV	564.989194082238	494.893499574466	0.87593445106214	1.86657676221904	3.26729691684952e-21
BSU24070	buk	559.609057766104	556.242074908391	0.993983330307137	1.31376744087141	4.00798919048457e-09
BSU24080	bcd	565.913314579829	490.336340865407	0.866451324315394	1.59776622735164	9.41139352976856e-14
BSU24090	ptb	601.716498638745	505.103396591213	0.839437505426395	1.92725165072343	7.59119295115184e-21
BSU24100	bkdR	587.267404874013	514.195453698711	0.875572949275163	2.04574325462473	4.79576848824213e-23
BSU24210	yqiG	309.012344755656	247.885286920094	0.802185709169979	0.416670904488795	0.02789431488576
BSU24240	recN	444.434387925363	325.89755826532	0.733286098284659	1.26969980325011	5.2196230086153e-12
BSU24250	ahrC	499.194126570666	434.029382743217	0.869460115095677	0.962471011205354	0.000148735867003538
BSU24270	dxs	1269.40867853215	1081.98439451297	0.8523530780994	0.683071367068908	2.32218966601323e-06
BSU24330	yqhY	1546.53387122294	1224.39319172911	0.791701503932084	1.38676652281215	5.92543670246263e-22
BSU24340	accC	1494.95438275063	1168.44044757553	0.781589365573595	0.371946071036402	0.0109819298997825
BSU24500	yqhP	426.069149114066	475.591908237248	1.11623174131747	1.00541637800097	1.78851053561325e-05
BSU24550	gcvPB	231.458059003565	259.294928468627	1.12026744536311	1.5501613144153	7.524742583578e-14
BSU24830	yqgT	249.051252678103	246.024058199047	0.987845094347031	0.480869150081555	0.0171516863785202
BSU24840	yqgS	594.637891936771	450.70815521403	0.757953977244953	1.16054898376972	3.79489977260793e-10
BSU24850	glcK	351.613975266924	403.456599096169	1.14744187511287	2.30280630989944	1.35635127650888e-22
BSU24860	yqgQ	372.760462701137	416.801653020544	1.11814877039338	1.6315494356196	2.49942394521951e-09
BSU24870	glpG	313.121104208803	365.533758096612	1.16738780357921	2.23882908115733	1.57568202543571e-26
BSU25030	yqgC	431.634319710929	460.350931204953	1.06652995413631	0.562379318758038	0.0177623074876597
BSU25070	ispG	996.986912172518	859.735645796186	0.862333933674967	0.547755596224681	0.000622551300738032
BSU25080	yqfX	326.989546590126	344.641513186387	1.05398327494055	1.30945026079796	0.000102943979478572
BSU25130	yqfS	948.476297410009	919.8880369409	0.969858750769867	1.18042118438208	2.55961716050984e-12
BSU25170	yqfO	536.017402302666	468.60817937591	0.87424060741839	2.30125523973967	2.81194002042028e-26
BSU25180	trmK	438.320497442867	416.918815433582	0.951173440133097	2.14601037467049	4.06018638168234e-16
BSU25280	recO	1118.06355822935	971.464361904913	0.868881160426512	0.555247654974807	0.00193724879423827
BSU25290	era	893.653084944065	764.170140148613	0.855108266309452	0.635851223359598	2.05446575576851e-05
BSU25310	dgkA	838.202502298099	810.04736409606	0.966410100035676	0.861457944625481	4.08549013619243e-05
BSU25320	yqfG	668.998107670396	565.675870820607	0.845556757687132	0.944092137228575	7.45492973531046e-08
BSU25430	rimO	1887.94783170948	1511.9077292955	0.800820713317334	1.18954611671581	1.6983174220041e-16
BSU25440	yqeU	1938.60586772891	1496.50010792559	0.771946548206186	0.6300801647929	0.00127044090906401
BSU25470	dnaK	1837.29162014691	1554.74760285433	0.846217108816951	1.0918549878306	6.03283996280634e-05
BSU25480	grpE	1742.03945178512	1387.9905037987	0.796761808336995	0.699225799245457	0.0175759902521948
BSU25490	hrcA	1641.25449370198	1507.41282421181	0.918451605157053	0.698934769892718	2.20224687084906e-05
BSU25500	hemN	621.598705492522	601.759066977348	0.968082883152959	0.587062891101658	0.00407456070741968
BSU25510	lepA	1457.90156675072	1299.66031228025	0.891459575818175	1.50433367389981	3.5282018792011e-21
BSU25560	holA	1093.54031267951	858.76910223377	0.785310877227307	0.80587401190893	5.09088138770322e-06
BSU25580	comEB	249.907689423938	288.716280953795	1.15529170638692	1.05301701221347	1.68545858334782e-05
BSU25600	comER	194.678946738097	214.85317702989	1.10362820751714	1.69416732350675	0.00809519335945131
BSU25610	yqeM	1228.53715605633	970.935710802621	0.790318555703579	1.03381067262373	6.45415973639379e-10
BSU25620	yqeL	1246.82602639737	967.114811017066	0.775661391839475	0.85314419990589	8.55449344953198e-09
BSU25700	yqeF	1143.99372103653	1142.92851003576	0.999068866392199	1.25734812173356	4.35547872932495e-08
BSU25730	yqeC	160.319612719852	169.344964970562	1.05629599583977	1.04332966045852	0.00119457716088744
BSU26470	yrkL	284.127382058946	313.451266667199	1.10320682362874	0.731813182647571	0.0159012445898834
BSU27020	yraA	228.778565188054	270.556646519724	1.18261361722121	0.940066235920264	3.41579377422383e-07
BSU27110	yrhO	170.291943907522	197.906322813264	1.16215904447446	0.815333425132982	1.45947314971546e-05
BSU27150	yrhK	220.328791310236	133.899600918214	0.607726299054922	1.52433389647622	0.000504840511164617
BSU27160	cypB	185.363061187407	154.724077094913	0.834708253649754	0.73035907573187	0.000682286465813634
BSU27300	yrrS	528.583179412857	571.681922699651	1.08153635031419	1.28072046237493	1.74601246723041e-14
BSU27330	udk	1258.61810200869	886.086488997786	0.704015370177528	0.916474520544723	9.13089347825151e-07
BSU27340	yrrO	1113.24254469763	735.931002713264	0.661069778745432	0.949701748910727	8.84706936321641e-08
BSU27380	yrzB	1025.05052625147	785.938085922113	0.766731069146637	0.371265368146014	0.0165447718270665
BSU27390	yrrK	1045.43449600442	815.332471871738	0.779898190645022	0.681884703822499	0.00658870236317789
BSU27400	yrzL	983.304406819719	803.48411302888	0.817126525068236	0.751226652961383	0.000471431208915274
BSU27410	alaS	710.849238216553	444.100468967502	0.62474635280148	0.821979429212347	0.000253834694586046
BSU27470	yrrD	114.865317810622	129.492165335114	1.12733911160728	1.53820131041146	2.13843703690899e-08
BSU27480	yrrC	346.83091707135	298.540407594616	0.86076642219644	1.26197207312917	1.37826774979464e-18
BSU27490	yrrB	383.208216596405	367.361296098269	0.958646710034336	0.557932232612852	0.0070905792604913
BSU27500	mnmA	806.046406917603	844.136018577514	1.04725486191989	1.97210365440291	2.09464917373529e-41
BSU27510	iscS	780.992687532776	845.973969019993	1.08320344418652	1.93573178436257	8.86496298396845e-34
BSU27550	aspS	1260.77715888639	790.863449969541	0.627282501427999	1.54635028712501	1.49400147220045e-20
BSU27590	yrvI	1204.72114058266	1038.59361635215	0.862102922714411	2.01947510786417	1.62389385806384e-31
BSU27600	relA	1120.6493455987	930.913789174995	0.830691413715733	1.51118999783318	8.54323795342486e-28
BSU27610	apt	1603.63130626778	1524.44503611756	0.950620650868612	0.378755330982826	0.0425629642131677
BSU27620	recJ	1052.73158692815	1019.52864295949	0.968460199749923	0.892261382715564	6.24616833143865e-09
BSU27650	secDF	1127.45318238508	970.892562955232	0.861137808757034	0.775504900105324	0.000156263808463545
BSU27720	queA	863.029356002035	741.221365764143	0.858859968793918	0.411320843379919	0.0113019425287541
BSU27730	ruvB	778.09223210436	688.657489641389	0.885058944463314	0.788382159957301	1.75844523464168e-06
BSU27890	nadR	389.842258623365	401.271210255032	1.02931686183028	1.03491684805598	6.82141254714636e-11
BSU27940	rpmA	11749.0167818571	11013.1187728971	0.937365141047685	1.81346956189033	2.04911290515222e-23
BSU27950	ysxB	13256.6006940844	13139.4042490506	0.99115938936849	1.87622192338098	6.55185665108746e-22
BSU27990	minD	2191.46848374878	1880.90719944285	0.858286219213759	0.634712968990714	0.000440996696981737
BSU28020	mreC	2306.70374515813	2051.20534316963	0.889236577291383	0.814948820678903	9.42045027676886e-08
BSU28080	folC	296.294104725653	308.177885566061	1.04010805699766	0.974373541694884	6.92392605570256e-09
BSU28090	valS	641.113648340266	568.426164404368	0.886623090735826	1.34738226348535	8.80319829411746e-18
BSU28120	hemL	583.112330850359	618.688613714155	1.06101102820432	1.69424007003419	4.18322226512435e-19
BSU28130	hemB	589.896705002866	562.678969008291	0.953860166087141	1.70254946624864	4.82957363478668e-33
BSU28140	hemD	574.479623111834	621.802944773403	1.0823759795086	1.21531993043568	1.43769664061975e-13
BSU28150	hemC	540.105759887258	535.212837782486	0.990940807397067	1.14229028719839	3.51158429699456e-12
BSU28160	hemX	785.361599417704	763.860472045746	0.972622639828711	0.901656412930486	2.92087703008981e-06
BSU28190	engB	706.406887426398	739.356592111712	1.04664408752491	0.874606202658376	5.94009450385576e-08
BSU28200	lonA	562.693319418952	566.59953100066	1.00694199032919	0.633100164139434	0.00113151682854915
BSU28240	ysoA	531.398034145188	572.380486750978	1.07712194997431	0.400299992338914	0.0200695091770751
BSU28340	ysnF	4775.87880371614	5596.11207959359	1.17174499387196	2.19300754832544	0.000329757137274677
BSU28390	racE	709.023580858753	657.424453523133	0.927225089928428	0.790333680799416	9.65819761630377e-08
BSU28430	sdhB	581.563896629128	380.305753709554	0.653936318801579	1.74560282652726	7.69102386671131e-28
BSU28440	sdhA	729.323099733821	436.507796377547	0.598510861011886	1.53473556864465	7.02859345761117e-23
BSU28580	mutSB	341.146089728518	319.402934810116	0.936264387682986	0.993463149297526	2.91349140552476e-11
BSU28590	yshC	381.85779105761	350.304945853926	0.917370167788658	0.765037150812669	5.19831301278073e-06
BSU28620	rnhC	371.311922636086	404.530604574922	1.08946300916761	0.763002715227864	1.67632557331865e-05
BSU28630	pheT	469.437918163646	293.513656639493	0.625244883897884	1.16247585595896	1.44418559540112e-13
BSU28640	pheS	604.994076442411	436.470588529408	0.721446052986199	0.483210880331967	0.00900881330225717
BSU28650	ysgA	476.221539130013	545.524010856148	1.14552569766739	0.821267727423861	0.000188186595767851
BSU28950	thrS	1032.05472363058	681.769089967403	0.660593933981586	0.442915995750737	0.01231978148522
BSU28960	ytxC	582.175332280808	565.608277288688	0.971542842725378	1.84486140334012	4.26607326359862e-25
BSU28970	ytxB	566.135305714013	536.436218710332	0.9475406555572	2.09416893438108	3.03266108863879e-25
BSU28980	dnaI	430.908494366285	425.798807818538	0.988142061215893	1.87312528698608	3.44322631798825e-28
BSU28990	dnaB	432.619662685436	408.853539022196	0.945064624396139	1.27066659978334	1.45912587293154e-14
BSU29060	coaE	251.395312540325	270.232415184228	1.07493020634934	2.11268237369652	7.28999840665502e-22
BSU29070	ytaF	263.749289800614	310.79766435991	1.17838294311565	2.06224820320281	9.03994077489559e-26
BSU29080	mutM	299.282422313908	341.471429165592	1.14096720591039	2.08281737069885	2.07556007779463e-22
BSU29090	polA	296.658377837437	349.647963272734	1.17862157078313	1.91214619225395	2.85000191182039e-30
BSU29170	fxsA	1322.78934498835	1127.23567613607	0.852165675817413	0.770284194297234	3.62991694241702e-05
BSU29180	pyk	1914.67564629026	1579.96703518762	0.825187826590291	1.20539671495567	7.81189837844348e-16
BSU29220	ytsJ	604.269779197394	530.340189481304	0.877654663097193	1.1724660940414	4.37196141858864e-14
BSU29250	nrnA	867.898816515686	792.768132271112	0.913433821068915	0.447328013165033	0.0104437680572769
BSU29270	ytoI	334.642961342828	328.667003898458	0.982142288544214	0.925630216957429	6.83187831334984e-07
BSU29550	ytcJ	293.785277563508	321.606629538649	1.09469961260781	1.68654440573396	5.61046773223001e-28
BSU29560	ytcI	238.142644615543	268.253361610247	1.12643983627256	1.26176618283151	1.64125548562103e-13
BSU29570	sspA	305.072910681603	342.998664767023	1.12431701654757	0.85006120832924	7.31839782382866e-07
BSU29580	ytbJ	347.716442754646	351.752384648658	1.01160699178342	0.541702422926447	0.000416681638308968
BSU29610	ezrA	1174.22182220713	1146.56432175603	0.976446102492702	1.34203243781193	1.26321257048278e-17
BSU29650	dgcP	883.538497539087	905.697020819817	1.0250792957437	2.69613404207236	1.92386429058704e-60
BSU29740	ccpA	1008.09576204958	874.091723328997	0.867072113815719	1.39013552864168	2.75238640578944e-17
BSU29750	aroA	888.51845589115	636.89714748123	0.716808011424418	0.612059941078661	5.35210212279567e-05
BSU29760	ytxJ	459.428101838789	422.920245719005	0.920536301602651	0.832260735333107	3.19245861079625e-06
BSU29770	ytxH	412.887116207888	371.891185597718	0.900709106676197	0.571084958159018	0.00185640359547081
BSU29790	murC	1901.55877123621	1806.71079384537	0.950120932981115	0.79474673540477	8.10346564941453e-07
BSU29805	ytpS	644.410519339592	580.809284904571	0.901303233689914	0.858828386406902	1.9676650524634e-09
BSU29830	ytpQ	653.040226239236	641.995451234496	0.983087144465288	0.585411607857374	0.000724134754339251
BSU29860	ytoP	526.469546429753	478.379260880432	0.908655142779968	1.53184008121234	8.9156145615212e-06
BSU30035	ytzG	538.041083107668	559.93666290823	1.04069499614062	0.892878268908084	1.07680809746895e-06
BSU30060	ytfP	222.564717515316	265.873331626728	1.19458885754626	0.59070099989958	0.0021064250602584
BSU30070	opuD	337.310399825448	306.785457863361	0.909504889330767	0.585433504926264	0.00606489193416075
BSU30320	leuS	697.649908460692	719.649350503299	1.03153364140927	1.25511318794949	1.17468950660338e-15
BSU30350	yttB	669.896829409482	378.886828799111	0.565589822440423	0.615695418930677	0.00309516900395364
BSU30490	ytqB	428.528179130663	428.221217145947	0.999283683081615	0.977325047528311	5.71134517769881e-06
BSU30540	asnB	2208.59270870466	1399.40937847678	0.633620392280265	0.968934003071478	3.03732418833244e-10
BSU30550	metK	3038.9223255983	2229.51478312702	0.733653099438162	2.37721799279477	2.91551431083618e-47
BSU30810	ytxM	429.384275488179	401.835776711955	0.935841854607034	0.505412179570799	0.00968128693244635
BSU31150	yubB	712.325193116429	798.167769539753	1.12051037539156	0.967144475612652	8.84608129770507e-07
BSU31500	yuxK	814.874068310487	799.842736355349	0.981553797648386	1.42487388198424	5.58190057454451e-14
BSU31520	yufL	268.621091024359	273.918934664067	1.01972236662246	0.675036668402272	4.15824611010164e-05
BSU31530	yufM	269.05686621556	274.912256487907	1.02176264949007	0.993065797381248	1.18279596324142e-06
BSU31580	maeN	810.063769464238	666.278855789861	0.822501734931962	2.17968981092434	9.50935200228364e-17
BSU31650	mrpF	435.626814902177	464.075009969243	1.06530404946136	0.630557497198497	0.0373064675346028
BSU31750	yueK	440.606852281442	465.54253002345	1.05659393995552	0.5187589078989	0.0080823830510107
BSU31790	yueG	480.588799817963	497.864140941574	1.0359462000158	1.19767145255158	1.01090676258499e-12
BSU31800	yueF	444.745335824139	512.282447029162	1.15185569305606	0.733086300047035	0.000921014443984509
BSU31820	yuzF	324.123047239837	305.767140685255	0.943367475065729	1.50065619673239	1.79949926646589e-08
BSU31930	ald	161.414302668196	180.836841989362	1.12032725105588	0.587685636529457	0.000201090596164751
BSU32160	yutM	569.972603418501	665.935623251702	1.1683642674361	0.966779052876746	9.26077402702452e-11
BSU32170	dapF	351.287873562781	408.230358304104	1.16209635750819	0.851787116579409	7.84950514420395e-09
BSU32220	yutI	1208.23605725216	1200.28654982646	0.993420567629989	0.67285372065517	0.00305434012535311
BSU32290	yutF	381.755906461999	401.422883228105	1.05151715122989	0.651221381795285	0.00282722464766064
BSU32660	yurT	151.438269317926	173.073235165147	1.14286326662781	1.13347892385503	0.000368629062618536
BSU32670	sufB	1581.69688177097	1290.94540551269	0.816177499235672	0.723606994570062	4.93713121081542e-05
BSU32680	iscU	1577.91382960371	1144.12834757083	0.725089245119409	0.529954384804144	0.00913696758405118
BSU32690	sufS	1897.19703023042	1353.21496857863	0.713270655085454	0.682680524030884	1.44634630286417e-05
BSU32700	sufD	1691.5633406269	1252.59419507571	0.74049499950235	0.491865677139082	0.0020555693831834
BSU33030	yuxN	468.168499546418	480.281606600074	1.02587339187791	0.89688950008911	6.26988478296796e-06
BSU33040	fumC	506.668270606917	565.027070354437	1.11518147698022	1.02503403733064	2.03079488814799e-13
BSU33170	yvrB	285.350641194785	341.019243179667	1.19508840685198	1.82789735251178	4.14544361414089e-24
BSU33210	yvrG	186.082436164727	208.44491973639	1.12017514405211	1.93021877916091	3.53573216512131e-21
BSU33260	yvrN	221.323618310981	192.028215588108	0.867635442857661	0.72153940305163	7.40979449294686e-05
BSU33270	yvrO	211.141705602983	200.43827433517	0.949306882611155	1.10993842130611	6.06207528750325e-06
BSU33280	yvrP	166.641036382372	162.477343760239	0.97501400187779	0.511316030481167	0.0425995813357777
BSU33300	fhuG	306.27357102427	347.585412478667	1.13488542715664	2.85087680501299	1.1646414205951e-29
BSU33610	rnr	239.23910905493	261.385895769268	1.09257176555215	0.921618055510204	2.17388349640984e-05
BSU34200	sigL	272.547558982455	314.178592323435	1.15274777545764	0.723116676131449	7.55745152937503e-05
BSU34220	epsO	174.417410782719	198.502134750871	1.13808669593287	0.763304338941626	0.0307270246600524
BSU34730	yvcN	422.396953803262	444.253051397847	1.0517430284423	2.10763828248599	2.86268475409992e-39
BSU34740	crh	388.029424353317	451.21848103843	1.16284604393191	1.80411606999386	6.14628168573556e-22
BSU34800	cwlO	7410.09517438077	7753.47277830869	1.04633916243277	1.01101295867308	3.81904955428898e-10
BSU34960	yvoF	372.071838639222	385.590413765947	1.03633323923726	2.06663017332446	1.71821709103837e-43
BSU34970	hprP	396.958136018337	404.674895134451	1.01943973032904	2.2072916244744	5.29566265639867e-28
BSU34980	yvoD	471.263459172493	512.930623819357	1.08841586131042	2.10569913771996	9.59242201573634e-51
BSU34990	lgt	469.08785426077	486.813286094018	1.03778701936587	1.26168411836461	1.38597268999743e-16
BSU35000	hprK	388.757225124697	430.005640978684	1.10610327779955	0.562384757044871	0.0280880514748711
BSU35250	ftsX	1755.26308277507	1440.81613819473	0.820854806515272	1.69101973333178	1.08169707655033e-08
BSU35290	prfB	1127.25448527267	1181.43681883451	1.04806575114113	1.89387167896292	1.28814369017166e-22
BSU35300	secA	1329.39029528051	1438.80291940292	1.08230286057514	2.38250951606762	6.2342634447726e-48
BSU35500	degS	536.428207011489	590.777080555414	1.10131621125352	0.617496568524418	0.0186338115050127
BSU35520	yvhJ	1003.27025700251	1077.58722974667	1.07407472934182	1.29837217564346	3.81367294284623e-12
BSU35650	lytR	489.289396684152	480.30093540392	0.981629560458196	0.62540255046785	0.00134340512438082
BSU35670	gtaB	792.947295622298	750.923580983438	0.947003142742444	0.492964840043173	0.00268443253722157
BSU35740	tagD	2022.01445194391	2150.39062357356	1.06348924534453	1.05093286430871	0.0126579012508935
BSU36280	ywqA	367.98825252102	441.359848671977	1.19938570225626	2.67715594600346	1.09646619071214e-88
BSU36560	ywnH	328.575272012128	383.555193843073	1.16732823956672	1.36075497351969	2.10958218304605e-11
BSU36570	ywnG	420.646443197416	457.565154987953	1.08776660872231	1.29347697722645	1.87426511040506e-13
BSU36580	ywnF	351.396059715885	387.81232828153	1.10363311584964	0.937528517287121	2.27490365111075e-06
BSU36760	murAA	6033.27918058735	4628.35544470519	0.767137622206737	0.607652514573328	0.00454362732742721
BSU36800	atpC	2472.78996338522	1051.98399275666	0.42542391724872	0.430427690755759	0.0109234752376043
BSU36810	atpD	2621.23905354914	1045.26850539253	0.398768858558415	0.362520702289021	0.017950741439991
BSU36910	ywlG	529.161821906738	558.02408682195	1.05454336220102	1.30865280950877	8.57376388636818e-15
BSU36920	ywlF	446.221630882334	449.157159571294	1.00657863376806	1.10339839232507	2.21601619855814e-06
BSU36990	ywkF	556.06643088093	456.687456134845	0.821282189991856	0.669760926876413	0.000219716076093156
BSU37000	prmC	444.94790417994	395.4530469486	0.888762579244954	0.403569883604203	0.0297210090892327
BSU37040	ywkB	147.191121689199	168.113932440368	1.14214723354951	0.783796471113892	0.000424649405527505
BSU37090	glpX	552.165171209905	549.241059160874	0.994704280165618	1.78533015716503	1.4078499939832e-33
BSU37100	murAB	618.247524858753	600.233431972891	0.97086265264066	1.1202366354727	1.57566534597197e-15
BSU37330	argS	589.56044720909	565.236244430186	0.95874180010879	1.6628130118654	7.16004974147832e-28
BSU37520	ywhD	479.178664254775	390.533954575036	0.815006976953783	0.890464712324059	0.000343774041345956
BSU37530	ywhC	457.400617771076	466.23984390136	1.01932491078249	0.952820948763207	3.24100556819333e-10
BSU37550	ywhA	228.442760137102	261.211915296458	1.14344580296477	1.67944824946268	1.88039497026455e-09
BSU38210	ywcD	193.347034755991	228.825134677916	1.18349440924553	0.714343424332036	0.00619767886638564
BSU38330	lrgB	835.907025528282	542.734213722842	0.649275813156184	1.23880490021843	3.27247630200059e-08
BSU38370	ywbC	197.840229361233	224.50804874653	1.13479472537714	0.695714022908749	0.000834242399031389
BSU38490	menA	559.192767881515	610.296611284089	1.09138859859755	1.02831116390172	3.92564789593107e-11
BSU38860	galE	531.938440537725	372.612267109304	0.700480053166751	0.979165626488187	9.85123677247105e-09
BSU39400	pdp	325.405359554309	381.195963262611	1.17144955382639	2.87422221652761	2.33686085208994e-58
BSU39410	nupC	362.342588935474	390.219328459615	1.07693475836236	2.2812413802991	4.04916253868523e-39
BSU39420	deoC	862.538991022914	534.844024690785	0.62008098214377	1.07742514019914	4.40440397313875e-10
BSU40320	argI	242.277224905987	214.313921688304	0.884581378920227	1.24989008587277	4.24080085616009e-15
BSU40890	rpsR	5578.5865035322	5206.7042224937	0.933337543335927	2.09718491045565	4.56109484899877e-11
BSU40900	ssbA	7091.36674858931	6363.18687084935	0.897314593426603	1.9949667485495	0.0356287641635115
BSU40930	yyaE	197.293261840632	231.676199609142	1.17427324911017	0.941855275682473	2.57879124769227e-05
