Name	locus_tag	cov_wt	cov_ko	cov_ratio	log2FoldChange	padj
BSU_misc_RNA_10	BSU_misc_RNA_10	986.698714081909	301.770472314365	0.305838517885526	-2.0896054614411	8.8879662846445e-09
BSU_misc_RNA_11	BSU_misc_RNA_11	433.010348935186	271.556814902543	0.627137008550321	-0.776109476507519	0.0126579012508935
BSU_misc_RNA_18	BSU_misc_RNA_18	234.616459466708	171.125700856503	0.72938489160342	-1.77797970272914	0.0045077767443501
BSU_misc_RNA_20	BSU_misc_RNA_20	1292.77912130275	238.159160554852	0.184222622898532	-3.86290236965732	1.34975408538802e-17
BSU_misc_RNA_21	BSU_misc_RNA_21	669.385623322068	178.101406066921	0.266066972252897	-3.20084211044964	2.11262738672809e-07
BSU_misc_RNA_4	BSU_misc_RNA_4	7198.97767117149	4879.25345158716	0.677770327184965	-0.988399837638983	0.0055876163348676
BSU_misc_RNA_54	BSU_misc_RNA_54	1951.57314759714	1313.36958673265	0.672979943564876	-2.91183897172634	8.16983985442271e-11
BSU_misc_RNA_56	BSU_misc_RNA_56	1589.1654082274	420.905971678637	0.264859761922535	-1.72069423404029	1.52292870792279e-05
BSU_misc_RNA_61	BSU_misc_RNA_61	233.678841238081	170.841066915298	0.731093435803366	-2.67856935286593	1.11832270659299e-18
BSU_misc_RNA_9	BSU_misc_RNA_9	2342.72074390769	1081.09334101569	0.461469146003468	-5.34145762295396	1.14194286950734e-20
BSU_tRNA_1	trnY-Phe	77146.815539495	60687.6425024581	0.786651296985671	-1.80170127193221	4.40563521485548e-12
BSU_tRNA_2	trnY-Asp	106205.73154466	72080.9650999127	0.678691856376907	-1.60591301090126	1.77110153608648e-10
BSU_tRNA_26	trnI-Arg	42278.1757833638	32726.8445316331	0.774083647774389	-1.46436507147431	0.0302174875151287
BSU_tRNA_3	trnY-Glu	81350.6704259802	58643.4643003676	0.720872538521074	-1.70609857466957	2.95899597299171e-08
BSU_tRNA_4	trnY-Lys	66562.4587075752	52199.4464439258	0.784217522271081	-2.42955781838566	8.06798706719797e-08
BSU00370	abrB	984.807841829691	728.853863948809	0.740097542881725	-1.32004627294277	1.52800506774063e-16
BSU00400	yabE	4359.81994013022	2390.83280685376	0.548378795382625	-0.805805538786424	1.10644499823961e-05
BSU00410	rnmV	892.782700766571	665.326583061414	0.745227906510894	-0.877445785382424	5.83396492102407e-06
BSU01080	rpoC	4639.00628153925	3539.9634219099	0.76308657653624	-1.87390169909731	1.0955749870254e-41
BSU01110	rpsG	9560.40806274252	2986.79288009001	0.312412698337608	-1.40450559186006	4.65711431980506e-20
BSU01120	fusA	10438.5810428196	3483.38667436997	0.333703082830984	-1.29963139413901	4.67766970588526e-15
BSU01130	tufA	9603.15264062057	3426.70826607647	0.356831594197698	-1.30289183519155	9.18390528909434e-16
BSU01160	rplC	9765.81497873579	7116.50674936002	0.728716114820483	-1.22464055337638	7.94975198194441e-18
BSU01170	rplD	10629.8351990871	8135.17501262518	0.76531525280127	-0.828094762346565	6.24804676745939e-06
BSU01200	rpsS	9301.39463634331	6521.89207931573	0.701173569588453	-1.2236241584755	2.25952120660558e-13
BSU01210	rplV	10425.1202207792	7336.55065216749	0.703737750433264	-1.10695922463176	1.68885520373706e-10
BSU01220	rpsC	9993.37321426105	7190.90061899008	0.719566903468421	-1.28553243705906	3.54804644687351e-18
BSU01230	rplP	9899.06851815995	7087.94368802359	0.716021277660689	-1.18366328916973	1.2556943020007e-17
BSU01240	rpmC	9794.95935139569	7071.90427811782	0.721994244632586	-1.2751722455332	1.16093933984966e-18
BSU01270	rplX	7046.60053181852	4529.42320882765	0.642781322479584	-1.15848676733602	7.51749185144533e-08
BSU01280	rplE	6318.36274553228	3780.98508708271	0.598412158237709	-1.25578884607146	1.46279235261699e-18
BSU01290	rpsN	6068.85004727217	3394.10566044537	0.559266687100129	-1.1126270982224	4.22392865752861e-10
BSU01300	rpsH	6082.53669499753	3688.73732649692	0.60644719653408	-1.13332336450253	4.80698608826606e-13
BSU01310	rplF	6943.47040859269	3999.01787719609	0.575939356239961	-1.14283570523471	5.17584826856706e-13
BSU01320	rplR	6741.62396123587	3708.06276524581	0.550025155150607	-1.01251870270139	6.82198258574534e-08
BSU01330	rpsE	6560.06401884342	3626.82527474221	0.552864311129336	-0.948171772415768	2.27967382516009e-09
BSU01340	rpmD	6776.1627930182	3917.62262538627	0.57814765451367	-0.993745340261311	5.73930851531639e-10
BSU01350	rplO	7004.90829066985	4228.17812701201	0.603602210273575	-0.964834046687571	2.49646800020594e-10
BSU01360	secY	7209.95178929082	4293.24275230675	0.595460674048285	-1.05497732020684	2.70579161673206e-13
BSU01370	adk	6678.45167685965	3760.39933660101	0.563064542284632	-1.17444180754722	5.61580836240921e-10
BSU01380	mapA	6372.48386245176	3674.71877627477	0.576654073292694	-1.14222668200049	1.94541921014669e-09
BSU01389	ybzG	6063.71250929656	3685.96543665285	0.607872723352521	-1.29668583826456	1.9830448285734e-10
BSU01390	infA	6460.31548080561	3866.32020252117	0.598472352319091	-1.13923544033731	2.10801452442472e-10
BSU01400	rpmJ	6054.61309388367	3783.72900876385	0.624933245129428	-1.12880626728702	1.37957516297248e-05
BSU01410	rpsM	6237.34195201992	3745.43088446549	0.600485096580693	-0.908745308524497	1.45621793645623e-06
BSU01420	rpsK	6610.17348389031	3998.68576374118	0.604929019410216	-0.996161114638789	2.55796354269137e-11
BSU01430	rpoA	5971.76283158533	3803.76695468102	0.636958811318237	-1.01712845150699	3.2486835552782e-09
BSU01440	rplQ	5252.94573050885	3393.91603373518	0.646097676970749	-0.959108086988759	3.95073160730975e-08
BSU01450	cbiO	1255.10139625969	986.614257848761	0.786083308319914	-2.10558439521491	1.07797239857171e-14
BSU01610	feuC	317.940056546319	212.800211243963	0.669309219969146	-0.95179615582717	4.57915310072515e-06
BSU01620	feuB	461.125776232228	303.437256669721	0.658035773122574	-1.00133570112019	0.000103677143213414
BSU01740	rsiW	1148.59384894054	770.956285183003	0.67121749423796	-0.91052176235477	7.15654374561376e-07
BSU02120	ybeC	341.803825444277	139.978833388491	0.409529744749189	-3.4768340987699	6.20921152517638e-44
BSU02860	adcC	706.437495419349	515.350868283161	0.729506674864764	-2.13860920815983	4.49998563542086e-28
BSU02890	yceC	671.910324626499	533.318362600274	0.793734436059953	-1.37161904469146	1.53032158038742e-10
BSU02980	opuAA	1277.53680212622	824.176803622439	0.645129598028606	-1.01078404962564	3.3026048596953e-06
BSU04120	yczI	2517.743296578	1831.62280489113	0.727485922564301	-2.10664985412328	1.34091732883945e-26
BSU05100	yddT	527.563490608435	409.247727480377	0.775731707682036	-1.92627545037944	0.000211580685069612
BSU06180	pspA	206.558141102161	162.635511353786	0.787359483804362	-2.96315369826941	4.56945157987698e-24
BSU06190	ydjG	242.0871686735	166.552782645104	0.687986825397308	-2.90395205945618	7.54440675679332e-27
BSU06200	ydjH	263.8940038894	163.230170356617	0.618544445689748	-2.63002521866861	3.4236918431486e-22
BSU06210	ydjI	225.927204121063	173.679844165842	0.768742501999785	-1.57783963098282	9.81461371396644e-12
BSU06270	ydjO	478.677836249745	370.091457357482	0.773153526925343	-1.89880314707194	5.96252564019901e-13
BSU06370	pbuG	910.467966358558	470.450691114778	0.516713062400601	-1.51091696585923	9.11747968512242e-23
BSU06420	purE	682.914510196622	334.877195300175	0.490364738631426	-1.89196778201141	8.07256987483734e-11
BSU06660	opuE	334.932921254906	252.608864251856	0.754207329949522	-1.62343676930575	1.84201366791799e-06
BSU06750	yefC	329.015579340713	237.839764560617	0.722882986383819	-4.70017131330377	1.81711215634117e-48
BSU06760	yeeA	269.500781633336	180.119228790599	0.668343994028398	-3.74993228065895	1.06062808617952e-21
BSU06770	yeeB	259.750361103151	185.332786234924	0.713503478677842	-3.75784564664126	1.28954481421649e-19
BSU07350	yfmT	292.838463821215	187.765750834832	0.641192240884953	-5.80619483109689	1.99658210210222e-238
BSU07360	yfmS	229.875011902491	132.090741195372	0.574619834066186	-5.10589067472799	7.59126579658778e-109
BSU07710	yflE	1993.76080761608	1040.68326751391	0.521969969285455	-1.29528221762456	1.50166850300724e-15
BSU08560	yfhJ	361.295780189979	244.032232270197	0.675436154116935	-2.00155791127609	1.42939273453242e-15
BSU08600	csbB	906.955868587751	524.013389019854	0.577771650384502	-2.18194323511828	1.16757373063088e-34
BSU08610	yfhO	613.95465759318	316.337493507825	0.515245693791018	-0.546536388737742	0.0257628689193404
BSU09120	dgcK	746.989471152609	482.379803907724	0.645765198220812	-2.17152742214206	2.50503743723169e-23
BSU09370	lytF	357.815620195484	130.811345318476	0.365583104636434	-7.26185478784492	3.12416548592784e-251
BSU09380	nsrR	438.682011815065	237.761514589404	0.541990572181558	-1.50026859648379	6.28238126656418e-13
BSU09590	yhdT	566.95789864225	399.509942534453	0.704655395914227	-1.19241217695478	7.82330940371263e-12
BSU09660	yheN	1442.55612628526	546.161729282241	0.378606918185338	-1.40552229510692	6.96442891132619e-11
BSU09965	yhaJ	1517.58517438813	1104.08384316076	0.727526772002047	-1.61266259514655	2.66983967905779e-13
BSU10010	trpP	2245.30622786104	1788.76336507485	0.796667885600126	-0.636128417586665	0.011149564282952
BSU10020	serC	433.07964325779	237.274649915757	0.547877633155155	-2.23641505141979	4.03710755304608e-41
BSU10380	hemAT	189.784617576923	96.1673322654348	0.506718265648988	-6.49765048918585	6.95429085980898e-170
BSU11330	fabHA	1690.91979751445	888.402274516529	0.525395867871691	-0.559807400218232	0.00265933150157505
BSU11500	spxA	2214.53980103085	1730.66764297309	0.781502162285581	-0.329536949334824	0.0356287641635115
BSU11570	yjbJ	750.508613202161	216.541999248249	0.28852700080861	-2.23415205746467	2.32820547368221e-25
BSU11580	yjbK	442.298013324686	204.752942338074	0.462929825976331	-0.57269714336836	0.00868059168067033
BSU11910	yjcM	862.804888960146	383.581585814636	0.444575118572786	-3.28972355869658	3.96205686846347e-11
BSU12671	xkdN	188.60388182987	134.412828192537	0.712672649621199	-0.900374944097622	0.0480401298181515
BSU12840	pit	2943.66428555446	1863.39959837323	0.633020418638617	-1.24544374543533	3.51057737054555e-11
BSU12850	ykaA	2066.42090071881	1561.64413703427	0.755724129818397	-1.74766137634817	1.1490711032176e-10
BSU12860	ykbA	354.939312184047	217.284102299279	0.612172545673415	-0.681895340842265	0.00100989735558984
BSU13100	ykkD	208.866507662324	164.62874393012	0.788200778443026	-1.58332175875339	4.15824611010164e-05
BSU13110	purU	974.311900330276	471.35002562627	0.4837773463164	-1.30750553316491	9.95989504032286e-12
BSU13300	mgtE	1671.81049762046	556.331190373107	0.332771681458485	-1.01177746625366	1.31172255460357e-07
BSU13340	ykoM	309.211111722988	201.833439383349	0.652736695840882	-1.0603154144338	0.0236685839870255
BSU13420	dgcW	206.688060565127	131.529673869411	0.636368029724515	-6.32119044312626	4.53666637383106e-100
BSU13440	ykoY	1726.97031505979	780.276592525407	0.45181818455194	-0.6088362541748	0.00403023122429225
BSU13550	mtnA	1355.19945142558	239.420950763531	0.176668423612241	-4.31595728400421	5.8842992676609e-43
BSU13560	mtnK	1496.19811606076	229.031268301316	0.153075495713306	-4.37975050077132	8.64178281545028e-36
BSU13570	mtnU	288.269861166676	199.336659333581	0.691493236673555	-1.446896463815	4.13092816378448e-05
BSU13590	mtnW	231.703655941379	137.362933593616	0.592838870131461	-3.1223560333476	5.32908885476918e-26
BSU13610	mtnB	190.562607156773	144.084871879153	0.756102543037819	-2.33615844369551	4.04377979433333e-15
BSU13680	motB	800.143295256034	384.156027878299	0.480109038163439	-5.89151896844715	5.47837712882071e-120
BSU13690	motA	645.599500572843	156.38687032496	0.242235116641505	-8.02750610469389	3.93373922141216e-87
BSU13720	queC	750.092372042362	530.117915901873	0.706736844234878	-1.54076408607998	2.7803356326023e-05
BSU13730	queD	564.338278527613	363.792480947795	0.644635486887311	-0.703527784230007	0.00183441437373926
BSU13890	ptsG	4078.64723512105	1972.67637582998	0.483659473867549	-1.11750164029418	3.49516096498167e-07
BSU13900	ptsH	3754.29710020287	2122.39892682184	0.565325244692849	-1.41363229238438	8.73883328980061e-09
BSU13910	ptsI	3887.89621065692	2298.09676554677	0.591090049998652	-0.627620656485324	0.00486401851504277
BSU13950	mcpC	168.646579543331	123.202126063211	0.730534389709079	-4.34244591411254	3.26411653137555e-127
BSU14009	ykzT	2006.26310742932	1154.39374076486	0.575394990063899	-3.11606300524296	0.00287457826511972
BSU14010	cheV	409.801392532798	266.220809111633	0.649633734688508	-4.41694594512589	3.77162956341317e-73
BSU14340	yknW	382.447647844295	286.293974346071	0.748583436085425	-1.24001048255663	2.3425717811124e-08
BSU14350	yknX	352.074327936143	272.91568728281	0.775164974062834	-0.955335939759717	0.00216000225860309
BSU14580	pdhA	6195.96039223415	3323.5505670131	0.536406038227544	-0.599322598695114	1.95053572294137e-05
BSU14590	pdhB	5655.21804800469	3143.35523816949	0.555832721477211	-0.458281386402709	0.00272236182157585
BSU14880	ctaB	3522.12952797016	2547.92263313922	0.723404012517284	-0.727999055995468	0.000610381464110056
BSU14950	ylbB	577.719548260161	373.214115476893	0.646012613907303	-1.75392602160854	1.88915586764735e-08
BSU15160	pbpB	1140.11778067419	843.080075294606	0.739467526588406	-0.612599017177227	0.0019535252306245
BSU15270	sbp	1077.00754997943	830.93319287717	0.771520304470512	-1.13481385642074	2.92407715472437e-06
BSU15570	cysH	253.698321064653	149.670733016865	0.589955551888428	-3.6162161073461	5.98035884860505e-30
BSU15580	cysP	315.176357820933	165.1677758242	0.524048748345648	-3.62842363690324	1.17360687039963e-25
BSU15880	ylpC	3013.24666485515	1582.47848229153	0.525173893245677	-0.556810036968106	0.0028899316884995
BSU15930	rnc	3211.32156679365	2123.60310411453	0.661286345806485	-0.984817860548718	1.15625143502622e-10
BSU15990	rpsP	6551.10569722195	4508.31022192707	0.688175466904595	-0.427595835251589	0.00757427243794364
BSU16010	ylqD	1423.86716922535	1103.94466475204	0.775314361207329	-2.71748215001803	1.80474798502088e-25
BSU16040	rplS	18952.8428281611	14530.5102915546	0.76666653247208	-1.54168974412528	1.07800630745995e-14
BSU16080	ylqH	292.697640791993	203.69046410418	0.695907433872805	-0.95022687139988	0.000204691576702338
BSU16090	sucC	630.956578620151	237.11464157951	0.375801837422885	-1.17852784400399	1.20268407878666e-07
BSU16100	sucD	584.289643972639	263.54447121592	0.451051073614889	-0.644706075651201	0.0101229995903444
BSU16110	dprA	407.702100262501	256.642602243802	0.629485602547942	-3.51221419978175	2.10975460400781e-35
BSU16140	xerC	1982.46326720128	895.901008533867	0.451913043412222	-0.624258689220903	2.20204273042444e-05
BSU16180	flgB	709.210293873762	373.233634004226	0.52626652098575	-3.5096916616587	4.5686251549403e-26
BSU16190	flgC	792.182031911993	451.630517544336	0.570109519467755	-3.24961985575681	5.93908051114766e-42
BSU16200	fliE	826.87091220824	381.192476965433	0.461006030490807	-3.74796727210777	2.17629701832965e-46
BSU16210	fliF	653.203187942406	124.46974930499	0.190552880945163	-4.36403979947456	5.02223700695064e-62
BSU16220	fliG	705.098202495409	120.943563192062	0.171527260690825	-4.03520698594092	2.64877341172735e-41
BSU16230	fliH	674.532903993085	142.004069061687	0.210522078642946	-3.85841299511434	4.97771640969083e-33
BSU16240	fliI	803.57310834398	160.153911024251	0.199302228212066	-4.02381488305033	1.84098839968893e-48
BSU16250	fliJ	535.892465809086	119.617220973624	0.223211238458124	-4.16189128277103	4.43636286543395e-15
BSU16260	ylxF	608.831484143327	121.911582824216	0.200238630884464	-4.36233204742354	5.4168920131624e-69
BSU16270	fliK	630.72163509188	128.465718635526	0.203680532723143	-4.16129154989897	5.89250626623905e-63
BSU16280	flgD	548.782661193182	116.93334596054	0.213077697655935	-3.95615309697472	4.97997948481623e-48
BSU16290	flgG	617.524757725138	131.387360796598	0.212764523451024	-3.68538742900481	1.81065645813345e-35
BSU16299	ylzI	588.131936933891	118.155403769817	0.200899485897326	-4.88809064406319	2.09480476838292e-51
BSU16300	fliL	462.176875090205	92.6359630324874	0.200434007033362	-4.86136438107262	1.09950634887849e-21
BSU16310	fliM	542.653507547137	120.269236108475	0.221631730811263	-4.17080642379285	8.0117317876394e-50
BSU16320	fliY	635.614423659567	146.317497668889	0.23019851693494	-3.60576223144061	4.86804317579367e-43
BSU16330	cheY	485.20915602959	110.572182941973	0.227885606790219	-3.64357962795875	5.43830498734175e-33
BSU16340	fliZ	505.883542034361	111.18422064782	0.219782245140262	-4.53274675972825	1.0029322438311e-54
BSU16350	fliP	525.877561453763	123.965968316825	0.235731617782145	-5.52898491168187	5.18148271221239e-132
BSU16360	fliQ	573.179871690126	112.580273314207	0.196413514979588	-4.85976994609379	2.75660825038521e-72
BSU16370	fliR	582.678471773099	125.079830265485	0.214663551726676	-4.85531272868437	1.48088144344381e-88
BSU16380	flhB	459.437807524854	113.849447690416	0.247801651988027	-4.9585391872409	1.12103610240686e-145
BSU16390	flhA	495.693976333672	134.048961548554	0.270426851946089	-4.32585548133894	3.63466587114855e-119
BSU16400	flhF	420.692010725985	135.010708508043	0.320925297048204	-4.35043220293921	3.18146933093768e-60
BSU16410	ylxH	435.358136709584	139.007728586312	0.319295120189841	-3.8744765704082	1.13828382712709e-60
BSU16420	cheB	403.841140522193	143.128822169143	0.354418626056939	-4.00797521832051	5.93404986081967e-53
BSU16430	cheA	373.885291356231	126.270779510457	0.33772598823672	-3.78993111412497	4.1825780393001e-41
BSU16440	cheW	364.361724149902	156.026525557389	0.428218759589572	-3.46659470172221	6.32303680259838e-32
BSU16450	cheC	488.968664021404	189.784877188996	0.388133005555318	-3.00470033293631	1.22473178592737e-39
BSU16460	cheD	422.842782404688	133.427378150225	0.315548434790419	-3.01407807334502	2.87410143207346e-21
BSU16470	sigD	350.90051534259	171.241203337616	0.48800499244189	-3.05735480547634	3.18146933093768e-60
BSU16590	ylxS	2658.08031184405	1376.47940959816	0.51784718598033	-1.99535276898528	3.30304049323894e-46
BSU16600	nusA	1818.24193052778	667.543786668008	0.367136944462743	-0.786224632659294	4.90123642826201e-07
BSU16610	ylxR	1627.4376809597	595.748049085555	0.366065045719135	-0.789333148485759	3.81841115437488e-05
BSU16620	ylxQ	1645.64071472722	578.265384511717	0.351392244574825	-0.57329080775169	0.00159060242165934
BSU16630	infB	1759.43960579868	687.368168916589	0.390674488997061	-0.459560080890694	0.00718941722206307
BSU16660	truB	416.595711070363	301.184203902987	0.722965205592616	-2.28720203017652	1.31489923524645e-22
BSU16680	rpsO	10696.7242229132	8520.6301494881	0.796564440844073	-1.65580270078473	2.74201341402867e-11
BSU16700	ylxY	542.897348954446	350.51222403482	0.64563259465139	-1.63034345636746	3.16270175512888e-09
BSU16710	mlpA	456.870642316535	254.287020779318	0.55658428716271	-1.08533644347839	3.76499396506637e-07
BSU16810	ymfC	1094.25156358954	579.556298082142	0.529637166960939	-2.03398098331674	1.60246842570298e-29
BSU16825	ymfD	214.241706475776	157.259657365512	0.734029148443574	-1.73506217484452	8.75453360618952e-11
BSU16950	pbpX	822.111893259411	576.659132390708	0.701436309483906	-1.91080948384311	1.32690061077282e-35
BSU17300	ebrA	323.738315898292	235.540065477042	0.727563139455637	-1.00081585393517	0.00553116591285105
BSU17370	nrdI	1488.00843807476	708.306137513467	0.47600948985874	-2.5283435112526	2.04655794642445e-47
BSU17380	nrdE	1298.33762963915	656.813369330239	0.505887955749067	-0.316774380352565	0.0455023697685169
BSU17400	ymaB	609.76158492807	353.312626908975	0.579427493699284	-0.533186304933601	0.0120150535870735
BSU17450	glnR	2836.77884897375	1349.78487488686	0.475816038805833	-1.74162535962225	1.16030030853904e-13
BSU17910	yneF	2891.79742898752	2226.62942231699	0.769981119699861	-1.13411840730565	4.68779144053275e-07
BSU17930	ccdA	264.144306984886	208.615847926836	0.789779837801966	-1.20207590544293	0.000108658891426755
BSU18110	ynfC	697.194600917417	432.060540785948	0.619712975713542	-2.46346927176994	2.12933644531926e-26
BSU18570	yoaE	185.812805035162	132.365719425732	0.712360590007153	-2.22599779656459	7.84524744059493e-11
BSU18580	yoaF	538.448331037076	281.24402810623	0.522323149492434	-2.32935559905626	4.24892376657825e-13
BSU18590	yoaG	308.171041230115	219.791589781581	0.713212990111748	-1.68505941055872	0.000683903178910091
BSU18610	yoaH	185.024068142501	103.63113767572	0.560095444425672	-4.38824656390946	4.00343987749821e-93
BSU18840	xynA	788.408536266686	400.311772492042	0.507746623834921	-1.65392671759545	6.30983221243402e-19
BSU18849	yozV	422.151683933205	109.82623590648	0.260158232423058	-5.73447545432205	1.28299880386417e-18
BSU18850	yobD	186.860205384013	126.397836707979	0.676429935674218	-3.41434553173551	8.23856614590065e-11
BSU19160	yocC	588.249713571435	305.167288051911	0.518771673001168	-2.20585048617673	9.17801505259803e-14
BSU19440	yojI	539.225205269213	333.930535189422	0.619278423794571	-0.556193007903152	0.0413389057062284
BSU19550	yodC	764.259370774863	373.88306219981	0.489209653812605	-0.867016628452384	5.66181114728237e-08
BSU19620	yodJ	393.583705136666	291.39107182344	0.740353495382282	-0.819479776274783	2.63551556824483e-07
BSU20770	yopT	524.288379075502	368.76611726832	0.703365041045883	-1.80518152767657	0.0373064675346028
BSU20870	yopJ	303.684702874135	206.346515865385	0.679476160348147	-1.26145649129156	0.000116021704840084
BSU20910	yopF	247.83977633917	166.872441124769	0.673307745793005	-2.22303688633773	0.0231181395384236
BSU21010	yonS	1490.82368862265	267.533424779091	0.179453430221693	-3.85240563377334	4.20482457222922e-51
BSU21020	yonR	1167.18972051302	199.465632582962	0.170893925021281	-4.7156435037097	3.58504706123519e-28
BSU21470	sunT	411.343899579835	206.107756598428	0.501059470698254	-3.09112993010851	9.5741170356742e-07
BSU21530	yolB	274.020669534872	146.807187822074	0.535752241140303	-2.42068309435933	1.12414010487787e-08
BSU21540	yolA	376.644125022525	227.200960345099	0.603224490310346	-2.6435919962514	1.96951307602502e-59
BSU22020	ypbS	722.085954606995	381.776944823197	0.528713988116531	-0.933198887768077	0.000326628427430541
BSU22160	yptA	783.575549100836	557.050987095055	0.710909098343202	-1.70637088984827	1.16972124656462e-15
BSU22170	ypsC	2615.46689808952	1835.64016409969	0.701840335062372	-0.969478425703418	1.41768678637878e-10
BSU22330	ypoC	719.531221080709	540.074624236585	0.750592341810287	-0.748921448333437	1.22790261637239e-06
BSU22340	nth	614.221908709016	451.085403877677	0.734401358013714	-0.59018302157768	0.000362378390066552
BSU22510	ypjC	601.658750167554	431.051086889009	0.716437825875493	-1.22095793699667	3.02928923761898e-05
BSU22610	tyrA	901.916651368996	549.946919947044	0.609753594317495	-0.746561344468784	0.00117756310874767
BSU22810	yphF	823.88943721648	613.765205831485	0.744960644118825	-1.52488644649392	3.15729692623483e-15
BSU22890	cmk	1222.74612264869	810.579419268502	0.662917186367878	-0.375669467812905	0.0463873729693475
BSU22900	ypfB	549.272427563389	336.165543414105	0.612019694681124	-0.851179127633405	0.0215804339337256
BSU23070	serA	845.568095845767	218.321109652507	0.258194592162485	-2.63354875150353	4.10515391729082e-40
BSU23080	aroD	581.759507269857	387.286950413707	0.665716581463719	-0.774931148391946	0.00131784917529617
BSU23100	sigX	4916.40375794848	3681.00135075061	0.748718277012834	-0.9975348009547	2.13588660003554e-09
BSU24300	xseA	729.331582910028	525.89476260107	0.72106401933501	-1.25328229326304	1.45340291767765e-15
BSU24320	nusB	1056.40232382399	651.7957100513	0.616995717779108	-0.605155384656167	0.00257454626278605
BSU24520	mntR	1805.41988445421	1360.37015183174	0.753492394509097	-1.17778474973267	2.14739672380533e-05
BSU24880	yqgO	247.461862262638	193.627905614417	0.782455542215691	-1.65163286268302	8.53602107720983e-16
BSU25100	zur	1312.90491961816	995.594286233686	0.758314079989312	-0.703634775673195	0.000568031616447405
BSU25250	ccpN	785.429997452237	596.678440357536	0.759683793963855	-1.31577508391287	8.58692967767255e-10
BSU25450	prmA	1916.12720370632	1502.35996183082	0.784060660964909	-0.337603305547987	0.0304221658374036
BSU25550	rpsT	6189.97380438815	3827.14918133025	0.618281967302856	-1.06509598526891	6.73916526413125e-14
BSU25690	sda	2508.73866321156	1972.73744327217	0.786346331007141	-1.61906018292635	0.0481062567933573
BSU26610	yrkA	353.53497567457	236.116156225612	0.667872127149755	-1.61353870700924	1.27557012058714e-16
BSU27360	yrrM	1247.33551215688	885.720753706194	0.710090224381261	-0.851439628052299	4.20138337377602e-06
BSU28290	ilvC	322.069074247777	191.969373059173	0.596050314695802	-0.995582150490054	0.0210894143958407
BSU28830	ysdB	422.912756197527	261.969773470092	0.619441645188247	-3.40729410088529	6.79238540937376e-25
BSU28840	ysdA	2820.3900002403	821.065120895704	0.291117583322075	-2.29544458066889	5.20531681913697e-32
BSU28850	rplT	7708.86713310524	1923.41438829899	0.249506750484648	-0.949848001209871	3.74613589825536e-08
BSU28860	rpmI	6888.53940758144	1760.56616855893	0.255579022545951	-1.07218678935655	2.61765623738756e-09
BSU28870	infC	11380.3301700992	5389.9416790307	0.473619095269511	-1.89236048957672	6.70042974327877e-25
BSU28940	ysaA	365.753343944958	184.394860575939	0.504150853652041	-1.39096133716426	6.95768922897242e-19
BSU29010	speD	9686.2509269414	7395.26649410017	0.76348078837509	-1.1997703626105	2.1220304181736e-09
BSU29120	mdh	402.577984082305	191.005999287858	0.474457140827671	-2.40863266021423	1.0575652143686e-37
BSU29130	icd	360.790496633488	174.552606560038	0.483805998741033	-2.59931541885038	1.12525554222312e-44
BSU29140	citZ	313.552166193519	160.775664908046	0.51275571417618	-3.47383397329377	1.40251174382839e-79
BSU29210	accD	1595.60525100984	1234.8739666855	0.773921974688892	-0.903807523095223	2.03772777541816e-07
BSU29460	moaB	573.287666323241	376.254768476926	0.656310593405963	-0.8610658309777	0.00023079437426007
BSU29470	ackA	2559.06884654871	1257.76326920582	0.491492548511191	-1.5500024861041	1.16252850238031e-29
BSU29600	braB	1144.66721670332	651.311105127411	0.568996032753702	-0.918897746015811	3.53634721896034e-07
BSU29720	ytxE	349.132888342727	206.91388879341	0.592650809196447	-2.54980272553368	6.01250246057705e-20
BSU29730	ytxD	555.359579371057	370.055044184359	0.666334133649851	-2.42158348062008	3.91110826898201e-21
BSU29900	trmB	1485.70563869313	1075.48689718435	0.723889624683918	-1.25228004275203	4.36686198213619e-12
BSU29920	ytmP	2762.59232711017	1875.22508025492	0.678791822395494	-0.573529775309508	0.00159453957331763
BSU29940	ytlR	327.5757925645	228.318455217132	0.696994284680471	-2.11550418504507	2.10687963541733e-24
BSU29950	ytlQ	270.644494177322	195.54645644131	0.722521465052199	-2.01794326776607	2.63312205940734e-27
BSU29990	pbuO	706.093782403697	207.140914321496	0.293361759420035	-2.48687188176597	2.19498195019378e-24
BSU30000	ythQ	219.286958918096	171.806354784483	0.783477301304785	-1.66967921202109	1.76335700651391e-15
BSU30830	menF	793.303168426126	628.276167314661	0.79197486197002	-0.777043988961905	0.000405140225418083
BSU31130	yubD	362.092796046959	283.302032298201	0.782401736215321	-1.49609890109068	3.97503694727777e-11
BSU31230	tlpB	178.121650372046	136.706680452283	0.767490533389631	-3.08949161073124	1.81898365200001e-76
BSU31240	mcpA	339.904514231731	118.44977345155	0.348479553792559	-5.54690135174037	1.35390957705621e-182
BSU31260	mcpB	241.305264433774	142.091097814008	0.588843754185913	-2.47277348830031	1.44566544497609e-55
BSU32730	metN	957.319948215677	436.660223103533	0.456127780390884	-1.757528617596	2.06367585446597e-17
BSU32740	metP	1473.52965548078	623.229188145722	0.422949878088728	-1.49943056446885	6.75800949702348e-15
BSU32750	metQ	1907.39767289224	868.280826972784	0.455217514057352	-1.66011823882015	4.6394439491908e-25
BSU32760	yusD	617.121471054312	460.848176839271	0.746770609118399	-3.04245112439161	4.17495186827128e-21
BSU32800	yusH	438.381209646145	349.083789093937	0.796301897555583	-1.59859368517505	3.08676680466233e-16
BSU33330	lysP	856.44743920218	604.859366252067	0.706242249746839	-0.607916580613054	0.0379013279008979
BSU33870	yvbI	350.103931699586	195.382503040302	0.558070005360448	-3.44239394557719	5.16450294294801e-70
BSU34010	yvbW	321.820945166687	173.163397072737	0.538073732221025	-2.35214780954569	1.74872734843303e-22
BSU34020	yvbX	324.363463070849	139.192251170027	0.429124321994379	-4.58917771161059	1.09610954740181e-135
BSU34050	yvfV	672.01322669043	241.786183232571	0.359793786237413	-0.729840385281859	0.000148124252217513
BSU34810	yvcD	707.951840270153	539.749400565168	0.762409771205907	-0.485177602722041	0.00272014631119967
BSU35319	yvzG	447.752220999627	202.424705222354	0.452090901459811	-3.42475162271333	2.35512042809551e-47
BSU35320	fliT	381.330490068734	167.318284083121	0.438774995550349	-3.14642926615367	4.1530203251761e-71
BSU35330	fliS	425.957287499561	167.679523391214	0.393653373969771	-3.7241900933781	5.34935660228181e-69
BSU35340	fliD	359.04720837702	131.242273315357	0.365529296018214	-3.82619183994025	2.34135576444432e-92
BSU35350	yvyC	438.758288037897	143.643301591804	0.327385956021866	-5.65341006557595	3.93373922141216e-87
BSU35360	hag	1474.80981640911	116.318754951227	0.078870342234663	-9.03552073029354	0
BSU35370	csrA	363.992558607349	176.986258074089	0.486235924028903	-1.51172204415172	5.54529467567698e-09
BSU35390	yviE	192.522361074764	124.955418539078	0.649043663507497	-4.87607657379679	3.11070632971757e-60
BSU35400	flgL	474.082058732371	172.017731230716	0.362843790567961	-2.89672843605988	2.05044798342608e-70
BSU35410	flgK	574.849262110048	181.661167204843	0.316015309018638	-2.74221919349362	1.76386834630553e-55
BSU35420	yvyG	486.399161396066	167.282345558834	0.343919888921476	-3.15472011312361	3.85527319838198e-75
BSU35430	flgM	491.808268163683	157.035003677848	0.319301268081942	-3.33326308634743	1.0955749870254e-41
BSU35440	yvyF	581.446944271761	254.533525213363	0.437758814834182	-2.77821269686501	6.56662926273217e-55
BSU35620	lytC	216.56343787109	149.337112779918	0.68957675518991	-2.97199451739797	2.41767118097357e-24
BSU35630	lytB	208.109268507644	129.189738439473	0.620778398607113	-3.71745779019963	6.72039398345703e-40
BSU35700	tagH	785.033890933601	624.252455409378	0.795191726903645	-0.955246715137151	1.11791975734184e-07
BSU35720	tagF	849.106421011217	558.135767864202	0.657321336940907	-1.6849198143913	2.21706190728384e-08
BSU35730	tagE	886.66667091819	546.563272021448	0.616424739925606	-1.8477463387837	3.53537629975271e-05
BSU35860	pgdS	247.707329946408	140.329261324396	0.566512348886714	-5.15347934800555	5.1955565500185e-75
BSU36390	flhP	972.435347558049	316.679485062513	0.32565608177217	-2.47794735611031	5.40023550173014e-31
BSU36400	flhO	800.289209038569	288.512641069903	0.360510472728364	-2.62534114605728	2.79641092029506e-56
BSU36770	ywmB	3316.00697717311	2525.02732145802	0.761466226953057	-1.91973185698765	2.4615183373144e-14
BSU36780	ywzB	785.239574111041	392.39882225168	0.499718602053277	-4.04193837752273	5.31904290400891e-35
BSU36840	atpH	2890.56904513903	1168.39994717576	0.404211049426623	-0.746938851033618	0.000348960136996162
BSU36850	atpF	2976.51530396559	1181.1127118897	0.39681056244398	-0.961852531043784	2.17693120106556e-07
BSU36860	atpE	4546.41234445646	1968.43527180488	0.432964527338801	-1.05115487174319	6.57978884920315e-09
BSU36870	atpB	4731.23398702972	1960.07271299557	0.414283613613054	-1.54406276119834	2.51486003917657e-09
BSU36880	atpI	5709.51745079623	2896.76122160421	0.507356575501882	-2.12195942173143	1.61867516304299e-42
BSU36890	upp	1299.37734149751	1007.84760511741	0.77563889482318	-0.343595578584679	0.0367650890379705
BSU36900	glyA	755.713210178491	504.74410983296	0.667904309511468	-1.1138787574115	1.96160820906668e-09
BSU37140	ywjG	600.781420086383	478.147166518264	0.79587542246149	-3.09547410970239	1.071886863805e-43
BSU37500	speE	914.244683330144	664.878804737241	0.727243829644614	-0.530245931367714	0.00090304604948355
BSU37600	ywfO	577.930542669477	431.245000619981	0.746188285235884	-0.565626624890599	0.000177987657872159
BSU38150	qoxC	2843.8447639548	1960.19427136677	0.689276115283037	-0.825792593846925	0.000839894519841665
BSU38160	qoxB	2916.78315492777	2081.07694163282	0.713483598572262	-1.28952335862248	2.14157250120795e-10
BSU38170	qoxA	2738.83870192607	1809.85380325587	0.660810657445107	-1.50117744033918	1.13921995988791e-15
BSU38320	ywbH	2010.15383102686	1403.39999785206	0.698155522323957	-1.27865892233016	0.000193635609522684
BSU38499	ywzH	2902.93758392334	1438.6592915323	0.495587400672922	-3.56937480559016	2.30837427345163e-10
BSU38500	dltA	3049.58498251922	1536.27503065415	0.50376527936108	-0.670745585355775	1.74103324938427e-05
BSU38510	dltB	2629.98965215335	1399.62280564236	0.532178065604324	-0.332522696242473	0.0471004565464856
BSU38520	dltC	2447.74729072126	1202.95797713866	0.491455135789035	-0.531394844210115	0.0138593448936523
BSU38550	ywaA	272.605230190287	193.022204192312	0.708064933521549	-0.850727519665078	3.29208544386571e-08
BSU38850	yxkC	1573.71211807057	365.021108072309	0.231949099127379	-6.80957674918121	3.42331766658464e-270
BSU38930	yxjJ	206.7888371383	155.91745307161	0.753993567686309	-5.6522584291042	1.33264011764157e-14
BSU39230	wapA	852.566694769438	601.677569137878	0.705724927831706	-2.20987153892512	5.75802292030175e-17
BSU39600	yxeC	384.533434110377	300.205674685332	0.780701099190144	-2.40541508357314	2.09265113234015e-37
BSU40420	purA	1037.10510230427	714.927812386616	0.689349431217886	-2.16950447763649	4.01316718063276e-16
BSU40520	yybS	579.629262320457	371.386212126542	0.640730612253346	-1.89670059046353	1.50816509645003e-18
